0.000000000000000000e+00
0.000000000000000000e+00
0.000000000000000000e+00
9.874465914824832940e-07
1.974893182964966588e-06
4.196648013800553894e-06
7.899572731859866352e-06
2.715478126576828741e-05
2.668574413481410949e-04
7.537673556081535796e-03
1.006385817107117164e-01
3.915810797333499349e-01
3.914904815085814005e-01
1.011241585720732278e-01
7.174540072063852365e-03
1.431797557649600603e-04
1.234308239353104012e-06
0.000000000000000000e+00
0.000000000000000000e+00
0.000000000000000000e+00
0.000000000000000000e+00
0.000000000000000000e+00
0.000000000000000000e+00
0.000000000000000000e+00
