0.000000000000000000e+00
0.000000000000000000e+00
9.874465914824832940e-07
1.728031535094345659e-06
1.234308239353104012e-06
3.209201422318070176e-06
8.640157675471727658e-06
2.616733467428580454e-05
2.458742012791383059e-04
7.271803561324876632e-03
1.012125350420109149e-01
3.913737159491386119e-01
3.912813896928349910e-01
1.012594387551063319e-01
7.191326664119054510e-03
1.219496540480866803e-04
0.000000000000000000e+00
0.000000000000000000e+00
0.000000000000000000e+00
0.000000000000000000e+00
0.000000000000000000e+00
0.000000000000000000e+00
0.000000000000000000e+00
0.000000000000000000e+00
