0.000000000000000000e+00
0.000000000000000000e+00
0.000000000000000000e+00
9.874465914824832940e-07
5.184094605283036764e-06
7.405849436118624070e-06
1.086191250630731496e-05
1.950207018177904262e-05
2.224223447314293352e-04
7.426832676187627123e-03
1.026285334541967992e-01
3.885056773241777339e-01
3.920933176526814612e-01
1.016536768067557162e-01
7.252054629495226744e-03
1.730500151573051849e-04
4.937232957412416470e-07
0.000000000000000000e+00
0.000000000000000000e+00
0.000000000000000000e+00
0.000000000000000000e+00
0.000000000000000000e+00
0.000000000000000000e+00
0.000000000000000000e+00
