0.000000000000000000e+00
2.468616478706208235e-07
4.443509661671174611e-06
6.912126140377382635e-06
1.258994404140166083e-05
1.703345370307283375e-05
3.209201422318070176e-05
7.751455743137493414e-05
3.554807729336939689e-04
7.916112462267197933e-03
1.018457351687990509e-01
3.885794889568910393e-01
3.900697927250859620e-01
1.035174822481789020e-01
7.421154858286602499e-03
1.434266174128306784e-04
4.937232957412416470e-07
0.000000000000000000e+00
0.000000000000000000e+00
0.000000000000000000e+00
0.000000000000000000e+00
0.000000000000000000e+00
0.000000000000000000e+00
0.000000000000000000e+00
