0.000000000000000000e+00
0.000000000000000000e+00
9.874465914824832940e-07
1.974893182964966588e-06
1.974893182964966588e-06
2.962339774447449459e-06
1.258994404140166083e-05
3.406690740614566750e-05
2.621670700385992682e-04
7.448062777904500449e-03
1.013399156523121514e-01
3.897350483305734303e-01
3.922053928408147372e-01
1.017450156164678432e-01
7.086410463774040457e-03
1.229371006395691530e-04
4.937232957412416470e-07
0.000000000000000000e+00
0.000000000000000000e+00
0.000000000000000000e+00
0.000000000000000000e+00
0.000000000000000000e+00
0.000000000000000000e+00
0.000000000000000000e+00
