7.405849436118623647e-07
1.974893182964966588e-06
1.234308239353104012e-06
1.728031535094345659e-06
5.184094605283036764e-06
9.874465914824832093e-06
2.221754830835587306e-05
4.887860627838292073e-05
2.695729194747179219e-04
7.304636160491669201e-03
1.012957274173433148e-01
3.900589308125796961e-01
3.925991371691683884e-01
1.010688615629502102e-01
7.142201196192800652e-03
1.663847506647984128e-04
9.874465914824832940e-07
0.000000000000000000e+00
0.000000000000000000e+00
0.000000000000000000e+00
0.000000000000000000e+00
0.000000000000000000e+00
0.000000000000000000e+00
0.000000000000000000e+00
