0.000000000000000000e+00
0.000000000000000000e+00
1.728031535094345659e-06
1.481169887223724729e-06
4.937232957412416047e-06
1.135563580204855640e-05
2.197068666048525149e-05
4.492881991245298247e-05
3.367192876955267707e-04
7.725535270111077990e-03
1.014036059574627696e-01
3.895518769878534293e-01
3.908925825974387536e-01
1.026364330269286529e-01
7.211816180892316117e-03
1.520667750883024230e-04
2.962339774447449459e-06
0.000000000000000000e+00
0.000000000000000000e+00
0.000000000000000000e+00
0.000000000000000000e+00
0.000000000000000000e+00
0.000000000000000000e+00
0.000000000000000000e+00
