0.000000000000000000e+00
0.000000000000000000e+00
0.000000000000000000e+00
2.468616478706208235e-07
1.974893182964966588e-06
3.456063070188691317e-06
1.308366733714290227e-05
4.517568156032360742e-05
3.075896132467935006e-04
7.475217559170268394e-03
1.014275515373062320e-01
3.897923202328794079e-01
3.911063647844947311e-01
1.024967093342338820e-01
7.149113322333178720e-03
1.774935248189763663e-04
3.702924718059312035e-06
0.000000000000000000e+00
0.000000000000000000e+00
0.000000000000000000e+00
0.000000000000000000e+00
0.000000000000000000e+00
0.000000000000000000e+00
0.000000000000000000e+00
