0.000000000000000000e+00
0.000000000000000000e+00
0.000000000000000000e+00
4.937232957412416470e-07
4.196648013800553894e-06
8.887019323342349223e-06
1.160249744991917796e-05
2.740164291363890897e-05
2.288407475760654891e-04
7.553472701545255359e-03
1.011974764814908140e-01
3.896407471810868217e-01
3.917536360252114602e-01
1.024700482762638531e-01
6.950389695797328134e-03
1.518199134404317778e-04
9.874465914824832940e-07
0.000000000000000000e+00
0.000000000000000000e+00
0.000000000000000000e+00
0.000000000000000000e+00
0.000000000000000000e+00
0.000000000000000000e+00
0.000000000000000000e+00
