0.000000000000000000e+00
0.000000000000000000e+00
0.000000000000000000e+00
0.000000000000000000e+00
0.000000000000000000e+00
0.000000000000000000e+00
0.000000000000000000e+00
8.640157675471727658e-06
1.967487333528847738e-04
7.246129949946332124e-03
1.008592760239080538e-01
3.914018581769958538e-01
3.919052090770040464e-01
1.008506358662325797e-01
7.380916409683691004e-03
1.478701270745018598e-04
2.715478126576828741e-06
0.000000000000000000e+00
0.000000000000000000e+00
0.000000000000000000e+00
0.000000000000000000e+00
0.000000000000000000e+00
0.000000000000000000e+00
0.000000000000000000e+00
