0.000000000000000000e+00
0.000000000000000000e+00
0.000000000000000000e+00
0.000000000000000000e+00
1.728031535094345659e-06
3.949786365929933176e-06
1.036818921056607353e-05
2.616733467428580454e-05
2.621670700385992682e-04
7.158987788248002797e-03
1.008560668224857404e-01
3.913747033957301058e-01
3.911224107916063120e-01
1.021017306976408912e-01
6.970879212570589741e-03
1.108408798939087403e-04
0.000000000000000000e+00
0.000000000000000000e+00
0.000000000000000000e+00
0.000000000000000000e+00
0.000000000000000000e+00
0.000000000000000000e+00
0.000000000000000000e+00
0.000000000000000000e+00
