0.000000000000000000e+00
0.000000000000000000e+00
0.000000000000000000e+00
0.000000000000000000e+00
7.405849436118623647e-07
2.715478126576828741e-06
1.036818921056607353e-05
3.332632246253380620e-05
3.041335501766048461e-04
7.619137899878840499e-03
1.012865935363721076e-01
3.900730019265082893e-01
3.919138492346795344e-01
1.015337020458905865e-01
7.067402116888003155e-03
1.550291148627498683e-04
0.000000000000000000e+00
0.000000000000000000e+00
0.000000000000000000e+00
0.000000000000000000e+00
0.000000000000000000e+00
0.000000000000000000e+00
0.000000000000000000e+00
0.000000000000000000e+00
