1.728031535094345659e-06
1.481169887223724729e-06
1.234308239353104012e-06
3.949786365929933176e-06
7.158987788248003352e-06
9.133880971212969094e-06
2.295813325196773436e-05
5.060663781347726151e-05
3.386941808784917161e-04
7.989924094980511982e-03
1.017129236022446676e-01
3.885728236923985390e-01
3.912418918291756809e-01
1.023364961247658494e-01
7.527799090166710852e-03
1.802090029455531933e-04
7.405849436118623647e-07
0.000000000000000000e+00
0.000000000000000000e+00
0.000000000000000000e+00
0.000000000000000000e+00
0.000000000000000000e+00
0.000000000000000000e+00
0.000000000000000000e+00
