0.000000000000000000e+00
0.000000000000000000e+00
0.000000000000000000e+00
0.000000000000000000e+00
0.000000000000000000e+00
0.000000000000000000e+00
2.715478126576828741e-06
1.555228381584911114e-05
1.831713427200006386e-04
7.209100702765739235e-03
1.005855064564195323e-01
3.913687787161811982e-01
3.925349531407220094e-01
1.010118365222921061e-01
6.910891832138029225e-03
1.742843233966582758e-04
3.209201422318070176e-06
0.000000000000000000e+00
0.000000000000000000e+00
0.000000000000000000e+00
0.000000000000000000e+00
0.000000000000000000e+00
0.000000000000000000e+00
0.000000000000000000e+00
