0.000000000000000000e+00
0.000000000000000000e+00
9.874465914824832940e-07
3.456063070188691317e-06
4.196648013800553894e-06
4.196648013800553894e-06
8.146434379730486223e-06
3.184515257531008359e-05
3.332632246253380620e-04
8.002267177374042945e-03
1.025942196851427762e-01
3.876498079910102867e-01
3.912860800641445036e-01
1.026630940848986817e-01
7.291058769858785663e-03
1.271337486533697162e-04
2.468616478706208235e-07
0.000000000000000000e+00
0.000000000000000000e+00
0.000000000000000000e+00
0.000000000000000000e+00
0.000000000000000000e+00
0.000000000000000000e+00
0.000000000000000000e+00
