0.000000000000000000e+00
0.000000000000000000e+00
0.000000000000000000e+00
0.000000000000000000e+00
0.000000000000000000e+00
1.974893182964966588e-06
1.258994404140166083e-05
4.073217189865243281e-05
3.327695013295968256e-04
7.493485321112693977e-03
1.008775437858504820e-01
3.906630012649190964e-01
3.919809956029003395e-01
1.009708574887455829e-01
7.454481180749135925e-03
1.715688452700814487e-04
0.000000000000000000e+00
0.000000000000000000e+00
0.000000000000000000e+00
0.000000000000000000e+00
0.000000000000000000e+00
0.000000000000000000e+00
0.000000000000000000e+00
0.000000000000000000e+00
