2.468616478706208235e-07
1.481169887223724729e-06
9.874465914824832940e-07
1.728031535094345659e-06
4.690371309541795329e-06
7.158987788248003352e-06
1.703345370307283375e-05
7.578652589628057980e-05
3.932506050578989565e-04
7.848225509102775901e-03
1.016243002706591070e-01
3.884084138349166992e-01
3.920165436801936742e-01
1.020674169285868682e-01
7.368326465642289179e-03
1.644098574818334403e-04
0.000000000000000000e+00
0.000000000000000000e+00
0.000000000000000000e+00
0.000000000000000000e+00
0.000000000000000000e+00
0.000000000000000000e+00
0.000000000000000000e+00
0.000000000000000000e+00
