0.000000000000000000e+00
0.000000000000000000e+00
9.874465914824832940e-07
4.443509661671174611e-06
6.665264492506761917e-06
4.937232957412416047e-06
7.899572731859866352e-06
2.271127160409711280e-05
2.461210629270089512e-04
7.461146445241643131e-03
1.014682837092048817e-01
3.901139809600548403e-01
3.907358254510409079e-01
1.025179394359507640e-01
7.270569253085524056e-03
1.382425228075476425e-04
2.468616478706208235e-07
0.000000000000000000e+00
0.000000000000000000e+00
0.000000000000000000e+00
0.000000000000000000e+00
0.000000000000000000e+00
0.000000000000000000e+00
0.000000000000000000e+00
