0.000000000000000000e+00
2.468616478706208235e-07
1.974893182964966588e-06
1.234308239353104012e-06
1.728031535094345659e-06
1.974893182964966588e-06
3.456063070188691317e-06
8.146434379730486223e-06
2.167445268304050629e-04
7.215272243962504717e-03
1.005921717209120464e-01
3.908451851610476036e-01
3.930528688779545421e-01
1.012626479565286453e-01
6.685260285984281556e-03
1.110877415417793585e-04
0.000000000000000000e+00
0.000000000000000000e+00
0.000000000000000000e+00
0.000000000000000000e+00
0.000000000000000000e+00
0.000000000000000000e+00
0.000000000000000000e+00
0.000000000000000000e+00
