0.000000000000000000e+00
0.000000000000000000e+00
0.000000000000000000e+00
4.937232957412416470e-07
2.962339774447449459e-06
4.937232957412416047e-06
9.627604266954210529e-06
2.394557984345021723e-05
2.979620089798393104e-04
7.615188113512910174e-03
1.010858950166532849e-01
3.892000991396377674e-01
3.936317594422111821e-01
1.009965311001241178e-01
6.945946186135657820e-03
1.779872481147176026e-04
6.665264492506761917e-06
0.000000000000000000e+00
0.000000000000000000e+00
0.000000000000000000e+00
0.000000000000000000e+00
0.000000000000000000e+00
0.000000000000000000e+00
0.000000000000000000e+00
