0.000000000000000000e+00
9.874465914824832940e-07
1.974893182964966588e-06
3.209201422318070176e-06
3.702924718059312035e-06
1.283680568927228071e-05
1.530542216797848958e-05
4.246020343374678037e-05
2.984557322755805467e-04
7.551004085066549340e-03
1.017121830173010472e-01
3.900929977199858456e-01
3.906049887776694707e-01
1.022372577423218687e-01
7.226627879764553099e-03
1.937863935784373286e-04
2.221754830835587306e-06
0.000000000000000000e+00
0.000000000000000000e+00
0.000000000000000000e+00
0.000000000000000000e+00
0.000000000000000000e+00
0.000000000000000000e+00
0.000000000000000000e+00
