0.000000000000000000e+00
0.000000000000000000e+00
0.000000000000000000e+00
1.234308239353104012e-06
1.481169887223724729e-06
2.715478126576828741e-06
8.146434379730486223e-06
3.801669377207560576e-05
2.673511646438823312e-04
7.623334547892640818e-03
1.008459454949230394e-01
3.917087072052990449e-01
3.906286874958650457e-01
1.014157021782084306e-01
7.294267971281103401e-03
1.644098574818334403e-04
0.000000000000000000e+00
0.000000000000000000e+00
0.000000000000000000e+00
0.000000000000000000e+00
0.000000000000000000e+00
0.000000000000000000e+00
0.000000000000000000e+00
0.000000000000000000e+00
