0.000000000000000000e+00
0.000000000000000000e+00
0.000000000000000000e+00
0.000000000000000000e+00
0.000000000000000000e+00
0.000000000000000000e+00
1.234308239353104012e-06
1.505856052010786801e-05
2.123010171687338815e-04
7.295996002816197701e-03
1.006450001135563571e-01
3.912739838433988426e-01
3.926707270470508604e-01
1.008555730991899935e-01
6.912619863673123526e-03
1.175061443864154989e-04
0.000000000000000000e+00
0.000000000000000000e+00
0.000000000000000000e+00
0.000000000000000000e+00
0.000000000000000000e+00
0.000000000000000000e+00
0.000000000000000000e+00
0.000000000000000000e+00
