0.000000000000000000e+00
0.000000000000000000e+00
0.000000000000000000e+00
0.000000000000000000e+00
0.000000000000000000e+00
2.715478126576828741e-06
1.357739063288414370e-05
5.356897758792471351e-05
3.080833365425347369e-04
7.371535667064607784e-03
1.010115896606442326e-01
3.908429634062167701e-01
3.913213812797900482e-01
1.017677268880719382e-01
7.173305763824498922e-03
1.320709816107821339e-04
1.481169887223724729e-06
0.000000000000000000e+00
0.000000000000000000e+00
0.000000000000000000e+00
0.000000000000000000e+00
0.000000000000000000e+00
0.000000000000000000e+00
0.000000000000000000e+00
