0.000000000000000000e+00
0.000000000000000000e+00
0.000000000000000000e+00
0.000000000000000000e+00
1.974893182964966588e-06
6.171541196765519635e-06
9.627604266954210529e-06
4.023844860291118968e-05
2.693260578268472766e-04
7.303895575548057482e-03
1.008869245284695626e-01
3.913887745096586990e-01
3.916205775970092451e-01
1.013233759219048236e-01
7.040247335622234343e-03
1.068910935279788089e-04
1.974893182964966588e-06
0.000000000000000000e+00
0.000000000000000000e+00
0.000000000000000000e+00
0.000000000000000000e+00
0.000000000000000000e+00
0.000000000000000000e+00
0.000000000000000000e+00
