1.728031535094345659e-06
2.468616478706208235e-07
2.715478126576828741e-06
4.196648013800553894e-06
5.184094605283036764e-06
1.728031535094345532e-05
2.764850456150953054e-05
7.578652589628057980e-05
3.989284229589232017e-04
7.888217096057817401e-03
1.008940835162578098e-01
3.894323959502840604e-01
3.916082345146156829e-01
1.020165634291255313e-01
7.460405860298031412e-03
1.609537944116447587e-04
1.974893182964966588e-06
0.000000000000000000e+00
0.000000000000000000e+00
0.000000000000000000e+00
0.000000000000000000e+00
0.000000000000000000e+00
0.000000000000000000e+00
0.000000000000000000e+00
