0.000000000000000000e+00
0.000000000000000000e+00
0.000000000000000000e+00
2.962339774447449459e-06
7.158987788248003352e-06
1.678659205520221558e-05
2.690791961789766585e-05
6.443089009423202170e-05
3.838698624388153574e-04
8.312325407099543928e-03
1.013083173613847227e-01
3.873765321468174982e-01
3.930195425554920408e-01
1.022214585968581474e-01
7.098012961223959701e-03
1.604600711159035224e-04
1.234308239353104012e-06
0.000000000000000000e+00
0.000000000000000000e+00
0.000000000000000000e+00
0.000000000000000000e+00
0.000000000000000000e+00
0.000000000000000000e+00
0.000000000000000000e+00
