1.974893182964966588e-06
1.728031535094345659e-06
5.430956253153657482e-06
7.405849436118624070e-06
1.209622074566041940e-05
1.653973040733159401e-05
2.197068666048525149e-05
7.356477106544500265e-05
4.073217189865243281e-04
8.144706348195392479e-03
1.024345001989704906e-01
3.883921209661572171e-01
3.894941113622517048e-01
1.030519011802949053e-01
7.703070860154851221e-03
2.285938859281948709e-04
2.715478126576828741e-06
0.000000000000000000e+00
0.000000000000000000e+00
0.000000000000000000e+00
0.000000000000000000e+00
0.000000000000000000e+00
0.000000000000000000e+00
0.000000000000000000e+00
