0.000000000000000000e+00
0.000000000000000000e+00
1.481169887223724729e-06
9.874465914824832940e-07
3.702924718059312035e-06
4.443509661671174611e-06
1.555228381584911114e-05
2.468616478706207854e-05
2.369871819557959702e-04
7.334259558236144033e-03
1.015413547569745806e-01
3.909671348150957071e-01
3.909476327449138977e-01
1.017746390142123120e-01
6.993837345822558234e-03
1.525604983840436594e-04
7.405849436118623647e-07
0.000000000000000000e+00
0.000000000000000000e+00
0.000000000000000000e+00
0.000000000000000000e+00
0.000000000000000000e+00
0.000000000000000000e+00
0.000000000000000000e+00
