4.937232957412416470e-07
1.481169887223724729e-06
1.481169887223724729e-06
2.962339774447449459e-06
6.665264492506761917e-06
1.481169887223724814e-05
2.814222785725077028e-05
5.307525429218347038e-05
3.369661493433974159e-04
7.673447462410377257e-03
1.019042413793443957e-01
3.887174846180507237e-01
3.919106400332572071e-01
1.017482248178901566e-01
7.420661134990860774e-03
1.779872481147176026e-04
1.234308239353104012e-06
0.000000000000000000e+00
0.000000000000000000e+00
0.000000000000000000e+00
0.000000000000000000e+00
0.000000000000000000e+00
0.000000000000000000e+00
0.000000000000000000e+00
