0.000000000000000000e+00
0.000000000000000000e+00
0.000000000000000000e+00
0.000000000000000000e+00
0.000000000000000000e+00
0.000000000000000000e+00
4.196648013800553894e-06
1.728031535094345532e-05
3.051209967680873188e-04
7.718870005618570784e-03
1.016181287294623398e-01
3.896511153702973962e-01
3.916030504200104234e-01
1.016280031953771673e-01
7.293280524689620820e-03
1.592257628765504044e-04
1.728031535094345659e-06
0.000000000000000000e+00
0.000000000000000000e+00
0.000000000000000000e+00
0.000000000000000000e+00
0.000000000000000000e+00
0.000000000000000000e+00
0.000000000000000000e+00
