0.000000000000000000e+00
0.000000000000000000e+00
0.000000000000000000e+00
0.000000000000000000e+00
0.000000000000000000e+00
0.000000000000000000e+00
2.715478126576828741e-06
6.665264492506761917e-06
2.090918157464158181e-04
6.989146974513016190e-03
1.011609409576059576e-01
3.925270535679901140e-01
3.900036338034566508e-01
1.018701744719382463e-01
7.095544344745253681e-03
1.300960884278171614e-04
4.937232957412416047e-06
0.000000000000000000e+00
0.000000000000000000e+00
0.000000000000000000e+00
0.000000000000000000e+00
0.000000000000000000e+00
0.000000000000000000e+00
0.000000000000000000e+00
