9.874465914824832940e-07
1.728031535094345659e-06
7.405849436118623647e-07
1.234308239353104012e-06
3.456063070188691317e-06
9.133880971212969094e-06
1.876148523816718132e-05
2.197068666048525149e-05
2.473553711663620150e-04
7.570012431952586641e-03
1.012964680022869213e-01
3.908098839454021145e-01
3.899485836559815066e-01
1.024974499191775024e-01
7.379928963092208423e-03
1.873679907338011747e-04
2.715478126576828741e-06
0.000000000000000000e+00
0.000000000000000000e+00
0.000000000000000000e+00
0.000000000000000000e+00
0.000000000000000000e+00
0.000000000000000000e+00
0.000000000000000000e+00
