0.000000000000000000e+00
0.000000000000000000e+00
0.000000000000000000e+00
0.000000000000000000e+00
0.000000000000000000e+00
0.000000000000000000e+00
0.000000000000000000e+00
5.924679548894898917e-06
1.809495878891650479e-04
7.109368597026008083e-03
1.008879119750610426e-01
3.921624389140852540e-01
3.913598916968578645e-01
1.013196729971867632e-01
6.828933765044982798e-03
1.439203407085719148e-04
9.874465914824832940e-07
0.000000000000000000e+00
0.000000000000000000e+00
0.000000000000000000e+00
0.000000000000000000e+00
0.000000000000000000e+00
0.000000000000000000e+00
0.000000000000000000e+00
