0.000000000000000000e+00
0.000000000000000000e+00
0.000000000000000000e+00
0.000000000000000000e+00
9.874465914824832940e-07
4.443509661671174611e-06
9.380742619083590658e-06
2.320499489983835593e-05
2.315562257026423161e-04
7.458184105467195388e-03
1.015420953419181871e-01
3.904042902579506480e-01
3.910204569310357647e-01
1.018077184750269815e-01
7.311795148279917264e-03
1.819370344806475206e-04
3.949786365929933176e-06
0.000000000000000000e+00
0.000000000000000000e+00
0.000000000000000000e+00
0.000000000000000000e+00
0.000000000000000000e+00
0.000000000000000000e+00
0.000000000000000000e+00
