0.000000000000000000e+00
0.000000000000000000e+00
0.000000000000000000e+00
0.000000000000000000e+00
0.000000000000000000e+00
0.000000000000000000e+00
2.468616478706208023e-06
1.728031535094345532e-05
2.036608594932621640e-04
7.135042208404552590e-03
1.006696862783434260e-01
3.917067323121160571e-01
3.924991582017807734e-01
1.005230504595082675e-01
7.100975300998407444e-03
1.419454475256069694e-04
0.000000000000000000e+00
0.000000000000000000e+00
0.000000000000000000e+00
0.000000000000000000e+00
0.000000000000000000e+00
0.000000000000000000e+00
0.000000000000000000e+00
0.000000000000000000e+00
