1.481169887223724729e-06
9.874465914824832940e-07
2.715478126576828741e-06
2.715478126576828741e-06
4.937232957412416047e-06
8.393296027601107788e-06
2.197068666048525149e-05
4.566940485606485055e-05
2.601921768556343228e-04
7.645305234553125863e-03
1.009125981398481114e-01
3.906533736606521146e-01
3.908051935740925464e-01
1.020321157129413792e-01
7.375732315078408104e-03
2.211880364920762443e-04
1.481169887223724729e-06
0.000000000000000000e+00
0.000000000000000000e+00
0.000000000000000000e+00
0.000000000000000000e+00
0.000000000000000000e+00
0.000000000000000000e+00
0.000000000000000000e+00
