7.405849436118623647e-07
1.481169887223724729e-06
1.234308239353104012e-06
1.728031535094345659e-06
1.234308239353104012e-06
1.974893182964966588e-06
3.702924718059312035e-06
2.740164291363890897e-05
2.559955288418337867e-04
7.562606582516467717e-03
1.013236227835526970e-01
3.895101573693632857e-01
3.928368649360677867e-01
1.011095937348488599e-01
7.207125809582774073e-03
1.498450202574668324e-04
4.690371309541795329e-06
0.000000000000000000e+00
0.000000000000000000e+00
0.000000000000000000e+00
0.000000000000000000e+00
0.000000000000000000e+00
0.000000000000000000e+00
0.000000000000000000e+00
