0.000000000000000000e+00
0.000000000000000000e+00
2.468616478706208235e-07
1.974893182964966588e-06
3.456063070188691317e-06
1.012132756269545196e-05
2.419244149132083880e-05
5.727190230598402682e-05
3.112925379648528003e-04
7.845016307680459031e-03
1.017050240295128000e-01
3.890381578986346622e-01
3.910128042199517706e-01
1.024036424929866546e-01
7.433497940680133462e-03
1.530542216797848958e-04
2.468616478706208235e-07
0.000000000000000000e+00
0.000000000000000000e+00
0.000000000000000000e+00
0.000000000000000000e+00
0.000000000000000000e+00
0.000000000000000000e+00
0.000000000000000000e+00
