4.937232957412416470e-07
2.221754830835587306e-06
7.405849436118623647e-07
2.468616478706208023e-06
4.937232957412416047e-06
9.874465914824832093e-06
3.233887587105132672e-05
7.035556964312692570e-05
3.574556661166589143e-04
7.771451536615013242e-03
1.021760360536499435e-01
3.885636898114273041e-01
3.907622396473630633e-01
1.026238430828872589e-01
7.443125544947087543e-03
1.767529398753644846e-04
0.000000000000000000e+00
0.000000000000000000e+00
0.000000000000000000e+00
0.000000000000000000e+00
0.000000000000000000e+00
0.000000000000000000e+00
0.000000000000000000e+00
0.000000000000000000e+00
