2.468616478706208235e-07
2.468616478706208235e-07
2.468616478706208235e-07
7.405849436118623647e-07
1.728031535094345659e-06
3.209201422318070176e-06
7.652711083989244788e-06
2.172382501261462993e-05
2.130416021123457361e-04
7.512493667998732146e-03
1.015371581089607872e-01
3.902075415245978007e-01
3.911606743470262826e-01
1.018709150568818667e-01
7.301426959069351463e-03
1.597194861722916678e-04
7.405849436118623647e-07
0.000000000000000000e+00
0.000000000000000000e+00
0.000000000000000000e+00
0.000000000000000000e+00
0.000000000000000000e+00
0.000000000000000000e+00
0.000000000000000000e+00
