0.000000000000000000e+00
0.000000000000000000e+00
9.874465914824832940e-07
1.974893182964966588e-06
1.974893182964966588e-06
1.012132756269545196e-05
1.826776194242593819e-05
3.061084433595697915e-05
3.189452490488420451e-04
7.476451867409621838e-03
1.009511085569159278e-01
3.904995788540287505e-01
3.918612677036830694e-01
1.014196519645743644e-01
7.221690646807141060e-03
1.871211290859305565e-04
2.468616478706208235e-07
0.000000000000000000e+00
0.000000000000000000e+00
0.000000000000000000e+00
0.000000000000000000e+00
0.000000000000000000e+00
0.000000000000000000e+00
0.000000000000000000e+00
