2.468616478706208235e-07
1.728031535094345659e-06
1.974893182964966588e-06
2.221754830835587306e-06
4.937232957412416047e-06
6.665264492506761917e-06
7.652711083989244788e-06
4.221334178587615542e-05
2.996900405149336647e-04
7.676903525480565857e-03
1.024436340799416978e-01
3.888130200757766719e-01
3.911441346166188993e-01
1.018877016489370679e-01
7.449297086143853025e-03
2.115604322251220270e-04
1.234308239353104012e-06
0.000000000000000000e+00
0.000000000000000000e+00
0.000000000000000000e+00
0.000000000000000000e+00
0.000000000000000000e+00
0.000000000000000000e+00
0.000000000000000000e+00
