0.000000000000000000e+00
0.000000000000000000e+00
0.000000000000000000e+00
0.000000000000000000e+00
0.000000000000000000e+00
0.000000000000000000e+00
2.962339774447449459e-06
2.024265512539090393e-05
2.093386773942864363e-04
7.295008556224715120e-03
1.015924551180838048e-01
3.907523651814482357e-01
3.916679750334003951e-01
1.012579575852191049e-01
7.058761959212530787e-03
1.404642776383832332e-04
2.468616478706208023e-06
0.000000000000000000e+00
0.000000000000000000e+00
0.000000000000000000e+00
0.000000000000000000e+00
0.000000000000000000e+00
0.000000000000000000e+00
0.000000000000000000e+00
