0.000000000000000000e+00
0.000000000000000000e+00
0.000000000000000000e+00
0.000000000000000000e+00
2.468616478706208235e-07
2.962339774447449459e-06
8.393296027601107788e-06
1.777403864668469845e-05
2.048951677326152549e-04
7.565815783938786322e-03
1.015736936328456297e-01
3.904033028113592096e-01
3.910288502270633515e-01
1.019642287597769537e-01
7.068142701831614874e-03
1.616943793552566132e-04
0.000000000000000000e+00
0.000000000000000000e+00
0.000000000000000000e+00
0.000000000000000000e+00
0.000000000000000000e+00
0.000000000000000000e+00
0.000000000000000000e+00
0.000000000000000000e+00
