7.405849436118623647e-07
1.234308239353104012e-06
1.728031535094345659e-06
7.405849436118623647e-07
3.456063070188691317e-06
3.456063070188691317e-06
1.110877415417793653e-05
3.875727871568746707e-05
2.513051575322919600e-04
7.553719563193126221e-03
1.007385606780993176e-01
3.911399379686051336e-01
3.916706905115269755e-01
1.011463761203815898e-01
7.249586013016520725e-03
1.863805441423187020e-04
7.405849436118623647e-07
0.000000000000000000e+00
0.000000000000000000e+00
0.000000000000000000e+00
0.000000000000000000e+00
0.000000000000000000e+00
0.000000000000000000e+00
0.000000000000000000e+00
