0.000000000000000000e+00
0.000000000000000000e+00
0.000000000000000000e+00
0.000000000000000000e+00
0.000000000000000000e+00
3.209201422318070176e-06
1.481169887223724814e-05
4.863174463051229577e-05
3.391879041742329524e-04
7.909694059422560722e-03
1.009296315935511862e-01
3.897182617385182013e-01
3.915408412847470321e-01
1.021960318471274720e-01
7.125908327433340232e-03
1.737906001009170394e-04
0.000000000000000000e+00
0.000000000000000000e+00
0.000000000000000000e+00
0.000000000000000000e+00
0.000000000000000000e+00
0.000000000000000000e+00
0.000000000000000000e+00
0.000000000000000000e+00
