0.000000000000000000e+00
4.937232957412416470e-07
1.728031535094345659e-06
1.234308239353104012e-06
2.221754830835587306e-06
5.430956253153657482e-06
1.308366733714290227e-05
4.097903354652305099e-05
2.663637180523998585e-04
7.568531262065363203e-03
1.007862049761383549e-01
3.902169222672168813e-01
3.915013434210877219e-01
1.023342743699350160e-01
7.093075728266547662e-03
1.661378890169277946e-04
1.974893182964966588e-06
0.000000000000000000e+00
0.000000000000000000e+00
0.000000000000000000e+00
0.000000000000000000e+00
0.000000000000000000e+00
0.000000000000000000e+00
0.000000000000000000e+00
