0.000000000000000000e+00
0.000000000000000000e+00
0.000000000000000000e+00
0.000000000000000000e+00
1.234308239353104012e-06
2.468616478706208023e-06
8.393296027601107788e-06
2.197068666048525149e-05
2.552549438982219050e-04
7.265138296832370293e-03
9.983109726052692701e-02
3.920101252773490752e-01
3.933745296051299745e-01
1.003579000170828212e-01
6.744753943121101214e-03
1.266400253576284798e-04
4.937232957412416470e-07
0.000000000000000000e+00
0.000000000000000000e+00
0.000000000000000000e+00
0.000000000000000000e+00
0.000000000000000000e+00
0.000000000000000000e+00
0.000000000000000000e+00
