0.000000000000000000e+00
0.000000000000000000e+00
0.000000000000000000e+00
0.000000000000000000e+00
4.937232957412416470e-07
1.974893182964966588e-06
3.702924718059312035e-06
1.481169887223724814e-05
1.871211290859305565e-04
7.145657259262989253e-03
1.013887942585905422e-01
3.917442552825923796e-01
3.900888010719720245e-01
1.019269526509484908e-01
7.372276252008219503e-03
1.217027924002160485e-04
3.456063070188691317e-06
0.000000000000000000e+00
0.000000000000000000e+00
0.000000000000000000e+00
0.000000000000000000e+00
0.000000000000000000e+00
0.000000000000000000e+00
0.000000000000000000e+00
