2.962339774447449459e-06
1.974893182964966588e-06
6.418402844636140353e-06
4.690371309541795329e-06
9.133880971212969094e-06
8.640157675471727658e-06
1.777403864668469845e-05
3.875727871568746707e-05
2.848783416426964115e-04
7.572727910079163523e-03
1.015070409879205715e-01
3.894010445210044913e-01
3.922599492649941344e-01
1.013186855505952833e-01
7.337468759658461771e-03
2.194600049569818900e-04
2.715478126576828741e-06
0.000000000000000000e+00
0.000000000000000000e+00
0.000000000000000000e+00
0.000000000000000000e+00
0.000000000000000000e+00
0.000000000000000000e+00
0.000000000000000000e+00
