1.481169887223724729e-06
4.937232957412416470e-07
2.962339774447449459e-06
4.937232957412416047e-06
6.665264492506761917e-06
1.160249744991917796e-05
2.912967444873325315e-05
7.751455743137493414e-05
3.984346996631819653e-04
7.668757091100835213e-03
1.004129501645579792e-01
3.894114127102150102e-01
3.934870985165589974e-01
1.014050871273499965e-01
6.944465016248433514e-03
1.362676296245826700e-04
2.468616478706208235e-07
0.000000000000000000e+00
0.000000000000000000e+00
0.000000000000000000e+00
0.000000000000000000e+00
0.000000000000000000e+00
0.000000000000000000e+00
0.000000000000000000e+00
