0.000000000000000000e+00
0.000000000000000000e+00
0.000000000000000000e+00
2.468616478706208235e-07
1.234308239353104012e-06
4.443509661671174611e-06
8.887019323342349223e-06
2.123010171687339019e-05
2.700666427704591583e-04
7.303154990604445763e-03
1.005173726416072472e-01
3.918363346772481548e-01
3.920259244228127549e-01
1.005551424737314570e-01
7.304883022139540064e-03
1.491044353138549507e-04
1.974893182964966588e-06
0.000000000000000000e+00
0.000000000000000000e+00
0.000000000000000000e+00
0.000000000000000000e+00
0.000000000000000000e+00
0.000000000000000000e+00
0.000000000000000000e+00
