0.000000000000000000e+00
0.000000000000000000e+00
0.000000000000000000e+00
0.000000000000000000e+00
7.405849436118623647e-07
1.728031535094345659e-06
8.146434379730486223e-06
1.925520853390842106e-05
2.431587231525614789e-04
7.541623342447465253e-03
1.008108911409254099e-01
3.904995788540287505e-01
3.920992423322303688e-01
1.013260914000314039e-01
7.279456272408866419e-03
1.693470904392458580e-04
7.405849436118623647e-07
0.000000000000000000e+00
0.000000000000000000e+00
0.000000000000000000e+00
0.000000000000000000e+00
0.000000000000000000e+00
0.000000000000000000e+00
0.000000000000000000e+00
