0.000000000000000000e+00
0.000000000000000000e+00
0.000000000000000000e+00
0.000000000000000000e+00
2.468616478706208235e-07
6.418402844636140353e-06
1.777403864668469845e-05
3.752297047633436263e-05
2.601921768556343228e-04
7.186883154457383328e-03
9.997995483419290508e-02
3.918481840363459145e-01
3.930017685168453179e-01
1.006585775041892450e-01
6.891883485251991057e-03
1.105940182460381222e-04
0.000000000000000000e+00
0.000000000000000000e+00
0.000000000000000000e+00
0.000000000000000000e+00
0.000000000000000000e+00
0.000000000000000000e+00
0.000000000000000000e+00
0.000000000000000000e+00
