0.000000000000000000e+00
0.000000000000000000e+00
0.000000000000000000e+00
0.000000000000000000e+00
1.974893182964966588e-06
1.728031535094345659e-06
2.221754830835587306e-06
1.900834688603780288e-05
2.411838299695965063e-04
7.588527055542883086e-03
1.017576055605092511e-01
3.893677181985419344e-01
3.911192015901839847e-01
1.023658726608624586e-01
7.385113057697492191e-03
1.491044353138549507e-04
7.405849436118623647e-07
0.000000000000000000e+00
0.000000000000000000e+00
0.000000000000000000e+00
0.000000000000000000e+00
0.000000000000000000e+00
0.000000000000000000e+00
0.000000000000000000e+00
