0.000000000000000000e+00
0.000000000000000000e+00
9.874465914824832940e-07
1.234308239353104012e-06
2.715478126576828741e-06
6.665264492506761917e-06
2.567361137854456141e-05
5.974051878469023569e-05
3.532590181028583782e-04
8.081262904692642496e-03
1.013060956065538754e-01
3.893477224050644336e-01
3.912821302777785837e-01
1.017603210386358176e-01
7.588773917190753948e-03
1.831713427200006386e-04
2.468616478706208235e-07
0.000000000000000000e+00
0.000000000000000000e+00
0.000000000000000000e+00
0.000000000000000000e+00
0.000000000000000000e+00
0.000000000000000000e+00
0.000000000000000000e+00
