0.000000000000000000e+00
0.000000000000000000e+00
0.000000000000000000e+00
0.000000000000000000e+00
0.000000000000000000e+00
0.000000000000000000e+00
1.974893182964966588e-06
1.456483722436662658e-05
2.288407475760654891e-04
7.454481180749135925e-03
1.018760991514871400e-01
3.892516932240427385e-01
3.923404261621999400e-01
1.015808526206338769e-01
7.100234716054795725e-03
1.503387435532080687e-04
4.937232957412416470e-07
0.000000000000000000e+00
0.000000000000000000e+00
0.000000000000000000e+00
0.000000000000000000e+00
0.000000000000000000e+00
0.000000000000000000e+00
0.000000000000000000e+00
