0.000000000000000000e+00
0.000000000000000000e+00
0.000000000000000000e+00
0.000000000000000000e+00
1.481169887223724729e-06
5.430956253153657482e-06
9.874465914824832093e-06
2.888281280086263497e-05
2.135353254080869995e-04
7.320682167603259627e-03
1.017931536378026136e-01
3.908446914377518566e-01
3.909920678415306217e-01
1.014460661608965197e-01
7.180711613260617847e-03
1.621881026509978767e-04
1.234308239353104012e-06
0.000000000000000000e+00
0.000000000000000000e+00
0.000000000000000000e+00
0.000000000000000000e+00
0.000000000000000000e+00
0.000000000000000000e+00
0.000000000000000000e+00
