1.234308239353104012e-06
1.728031535094345659e-06
4.196648013800553894e-06
4.443509661671174611e-06
5.924679548894898917e-06
5.924679548894898917e-06
1.851462359029655975e-05
4.221334178587615542e-05
3.224013121190307538e-04
7.754171221264070241e-03
1.009318533483820196e-01
3.889900198772998641e-01
3.938388763647746038e-01
1.006864728703986273e-01
7.196510758724337410e-03
1.937863935784373286e-04
9.874465914824832940e-07
0.000000000000000000e+00
0.000000000000000000e+00
0.000000000000000000e+00
0.000000000000000000e+00
0.000000000000000000e+00
0.000000000000000000e+00
0.000000000000000000e+00
