0.000000000000000000e+00
0.000000000000000000e+00
0.000000000000000000e+00
2.468616478706208235e-07
2.468616478706208023e-06
3.702924718059312035e-06
6.912126140377382635e-06
2.394557984345021723e-05
2.833971717554727024e-04
7.606547955837438674e-03
1.010101084907570057e-01
3.902477799732007036e-01
3.924658318793182166e-01
1.011609409576059576e-01
7.054318449550859606e-03
1.337990131458764611e-04
0.000000000000000000e+00
0.000000000000000000e+00
0.000000000000000000e+00
0.000000000000000000e+00
0.000000000000000000e+00
0.000000000000000000e+00
0.000000000000000000e+00
0.000000000000000000e+00
