0.000000000000000000e+00
0.000000000000000000e+00
1.234308239353104012e-06
1.234308239353104012e-06
2.962339774447449459e-06
5.924679548894898917e-06
1.703345370307283375e-05
4.616312815180608690e-05
3.186983874009714540e-04
7.489535534746764520e-03
1.023888307941144271e-01
3.895854501719638319e-01
3.903847881877688941e-01
1.021982536019583054e-01
7.394246938668704548e-03
1.636692725382215858e-04
1.974893182964966588e-06
0.000000000000000000e+00
0.000000000000000000e+00
0.000000000000000000e+00
0.000000000000000000e+00
0.000000000000000000e+00
0.000000000000000000e+00
0.000000000000000000e+00
