0.000000000000000000e+00
0.000000000000000000e+00
0.000000000000000000e+00
1.974893182964966588e-06
1.974893182964966588e-06
5.430956253153657482e-06
1.728031535094345532e-05
3.406690740614566750e-05
2.443930313919145969e-04
7.698627350493180040e-03
1.005252722143391009e-01
3.900453534219467944e-01
3.933165171178804043e-01
1.009059328753555973e-01
7.041975367157328643e-03
1.607069327637741405e-04
4.937232957412416470e-07
0.000000000000000000e+00
0.000000000000000000e+00
0.000000000000000000e+00
0.000000000000000000e+00
0.000000000000000000e+00
0.000000000000000000e+00
0.000000000000000000e+00
