0.000000000000000000e+00
0.000000000000000000e+00
0.000000000000000000e+00
0.000000000000000000e+00
2.468616478706208235e-07
2.221754830835587306e-06
3.702924718059312035e-06
7.158987788248003352e-06
1.710751219743402124e-04
7.553719563193126221e-03
1.019548480171578730e-01
3.904324324858079454e-01
3.910332937367250183e-01
1.014865514711473099e-01
7.194289003893502253e-03
1.592257628765504044e-04
1.234308239353104012e-06
0.000000000000000000e+00
0.000000000000000000e+00
0.000000000000000000e+00
0.000000000000000000e+00
0.000000000000000000e+00
0.000000000000000000e+00
0.000000000000000000e+00
