0.000000000000000000e+00
0.000000000000000000e+00
0.000000000000000000e+00
0.000000000000000000e+00
0.000000000000000000e+00
0.000000000000000000e+00
0.000000000000000000e+00
5.430956253153657482e-06
1.839119276636124931e-04
7.343146577559486396e-03
1.014630996145995945e-01
3.907318756646749880e-01
3.912732432584552500e-01
1.018899234037679014e-01
6.966929426204660283e-03
1.424391708213482057e-04
0.000000000000000000e+00
0.000000000000000000e+00
0.000000000000000000e+00
0.000000000000000000e+00
0.000000000000000000e+00
0.000000000000000000e+00
0.000000000000000000e+00
0.000000000000000000e+00
