0.000000000000000000e+00
0.000000000000000000e+00
0.000000000000000000e+00
0.000000000000000000e+00
0.000000000000000000e+00
0.000000000000000000e+00
2.221754830835587306e-06
1.135563580204855640e-05
2.214348981399468625e-04
7.347343225573286715e-03
1.023384710179488233e-01
3.895318811943758730e-01
3.912176993876843589e-01
1.019039945176965223e-01
7.264150850240887712e-03
1.609537944116447587e-04
4.937232957412416470e-07
0.000000000000000000e+00
0.000000000000000000e+00
0.000000000000000000e+00
0.000000000000000000e+00
0.000000000000000000e+00
0.000000000000000000e+00
0.000000000000000000e+00
