7.405849436118623647e-07
1.974893182964966588e-06
1.974893182964966588e-06
4.937232957412416047e-06
5.924679548894898917e-06
6.912126140377382635e-06
2.197068666048525149e-05
7.060243129099754388e-05
4.364513934352575440e-04
8.126932309548707753e-03
1.021585088766511357e-01
3.886720620748425059e-01
3.896059396887370796e-01
1.028840352597428925e-01
7.792681638331886568e-03
2.048951677326152549e-04
3.456063070188691317e-06
0.000000000000000000e+00
0.000000000000000000e+00
0.000000000000000000e+00
0.000000000000000000e+00
0.000000000000000000e+00
0.000000000000000000e+00
0.000000000000000000e+00
