0.000000000000000000e+00
0.000000000000000000e+00
0.000000000000000000e+00
0.000000000000000000e+00
0.000000000000000000e+00
0.000000000000000000e+00
1.974893182964966588e-06
1.678659205520221558e-05
2.093386773942864363e-04
7.260447925522828250e-03
1.011068782567222935e-01
3.915008496977919750e-01
3.909505950846883793e-01
1.018617811759106456e-01
6.962732778190859964e-03
1.286149185405934252e-04
0.000000000000000000e+00
0.000000000000000000e+00
0.000000000000000000e+00
0.000000000000000000e+00
0.000000000000000000e+00
0.000000000000000000e+00
0.000000000000000000e+00
0.000000000000000000e+00
