0.000000000000000000e+00
0.000000000000000000e+00
0.000000000000000000e+00
7.405849436118623647e-07
4.443509661671174611e-06
6.665264492506761917e-06
8.146434379730486223e-06
1.999579347752028575e-05
2.488365410535857782e-04
7.557916211206926541e-03
1.017072457843436334e-01
3.897594876337125980e-01
3.923110496261033586e-01
1.010775017206256843e-01
7.117515031405738726e-03
1.802090029455531933e-04
2.468616478706208235e-07
0.000000000000000000e+00
0.000000000000000000e+00
0.000000000000000000e+00
0.000000000000000000e+00
0.000000000000000000e+00
0.000000000000000000e+00
0.000000000000000000e+00
