0.000000000000000000e+00
0.000000000000000000e+00
1.481169887223724729e-06
3.702924718059312035e-06
4.690371309541795329e-06
7.652711083989244788e-06
1.160249744991917796e-05
3.604180058911063324e-05
2.646356865173055042e-04
7.240698993693178362e-03
1.007472008357747917e-01
3.911665990265751347e-01
3.927951453175776431e-01
1.004847869040883246e-01
7.080732645873016699e-03
1.545353915670086319e-04
4.937232957412416470e-07
0.000000000000000000e+00
0.000000000000000000e+00
0.000000000000000000e+00
0.000000000000000000e+00
0.000000000000000000e+00
0.000000000000000000e+00
0.000000000000000000e+00
