0.000000000000000000e+00
0.000000000000000000e+00
1.234308239353104012e-06
3.456063070188691317e-06
2.715478126576828741e-06
6.418402844636140353e-06
8.640157675471727658e-06
2.468616478706207854e-05
2.118072938729926452e-04
7.035556964312693166e-03
9.973383377126589233e-02
3.936386715683515281e-01
3.916995733243278099e-01
1.003769083639688697e-01
7.112330936800455826e-03
1.441672023564425330e-04
0.000000000000000000e+00
0.000000000000000000e+00
0.000000000000000000e+00
0.000000000000000000e+00
0.000000000000000000e+00
0.000000000000000000e+00
0.000000000000000000e+00
0.000000000000000000e+00
