0.000000000000000000e+00
0.000000000000000000e+00
0.000000000000000000e+00
1.974893182964966588e-06
5.184094605283036764e-06
6.665264492506761917e-06
1.407111392862538514e-05
3.579493894124001507e-05
2.619202083907286771e-04
7.266866328367464593e-03
1.013695390500566340e-01
3.899932656142460763e-01
3.922295852823060591e-01
1.014813673765420227e-01
7.179971028317006128e-03
1.508324668489493051e-04
2.962339774447449459e-06
0.000000000000000000e+00
0.000000000000000000e+00
0.000000000000000000e+00
0.000000000000000000e+00
0.000000000000000000e+00
0.000000000000000000e+00
0.000000000000000000e+00
