0.000000000000000000e+00
0.000000000000000000e+00
0.000000000000000000e+00
0.000000000000000000e+00
4.937232957412416470e-07
2.221754830835587306e-06
1.110877415417793653e-05
2.567361137854456141e-05
3.315351930902437076e-04
7.597907798161967173e-03
1.008990207492152236e-01
3.907753233147002181e-01
3.909594821040117130e-01
1.019568229103408330e-01
7.286615260197114481e-03
1.513261901446905414e-04
2.468616478706208023e-06
0.000000000000000000e+00
0.000000000000000000e+00
0.000000000000000000e+00
0.000000000000000000e+00
0.000000000000000000e+00
0.000000000000000000e+00
0.000000000000000000e+00
