1.481169887223724729e-06
9.874465914824832940e-07
2.468616478706208023e-06
1.234308239353104012e-06
2.221754830835587306e-06
5.924679548894898917e-06
9.627604266954210529e-06
2.271127160409711280e-05
2.387152134908903246e-04
7.381163271331561866e-03
1.007365857849163576e-01
3.911799295555601907e-01
3.918558367474299087e-01
1.014954384904706436e-01
6.903485982701910301e-03
1.592257628765504044e-04
2.962339774447449459e-06
0.000000000000000000e+00
0.000000000000000000e+00
0.000000000000000000e+00
0.000000000000000000e+00
0.000000000000000000e+00
0.000000000000000000e+00
0.000000000000000000e+00
