0.000000000000000000e+00
0.000000000000000000e+00
0.000000000000000000e+00
1.728031535094345659e-06
6.912126140377382635e-06
1.604600711159035088e-05
3.011712104021573602e-05
6.171541196765519465e-05
3.841167240866859484e-04
7.951413677912695654e-03
1.013367064508898380e-01
3.899029142511254431e-01
3.902936962397046128e-01
1.025206549140773304e-01
7.340184237785038653e-03
1.537948066233967503e-04
0.000000000000000000e+00
0.000000000000000000e+00
0.000000000000000000e+00
0.000000000000000000e+00
0.000000000000000000e+00
0.000000000000000000e+00
0.000000000000000000e+00
0.000000000000000000e+00
