0.000000000000000000e+00
0.000000000000000000e+00
0.000000000000000000e+00
0.000000000000000000e+00
1.728031535094345659e-06
3.209201422318070176e-06
5.430956253153657482e-06
1.061505085843669509e-05
2.014391046624265734e-04
7.215025382314633855e-03
1.003564188471956081e-01
3.922604429882898813e-01
3.917237657658191319e-01
1.007523849303800789e-01
7.297970895999162863e-03
1.698408137349871215e-04
1.728031535094345659e-06
0.000000000000000000e+00
0.000000000000000000e+00
0.000000000000000000e+00
0.000000000000000000e+00
0.000000000000000000e+00
0.000000000000000000e+00
0.000000000000000000e+00
