4.937232957412416470e-07
1.234308239353104012e-06
1.974893182964966588e-06
2.221754830835587306e-06
4.690371309541795329e-06
7.899572731859866352e-06
1.777403864668469845e-05
3.159829092743946541e-05
2.537737740109981960e-04
7.470033464564985494e-03
1.016465178189674690e-01
3.901890269010074852e-01
3.904297170076813650e-01
1.024293161043652034e-01
7.385359919345362185e-03
1.276274719491109525e-04
7.405849436118623647e-07
0.000000000000000000e+00
0.000000000000000000e+00
0.000000000000000000e+00
0.000000000000000000e+00
0.000000000000000000e+00
0.000000000000000000e+00
0.000000000000000000e+00
