0.000000000000000000e+00
0.000000000000000000e+00
0.000000000000000000e+00
0.000000000000000000e+00
3.949786365929933176e-06
7.652711083989244788e-06
9.874465914824832093e-06
2.394557984345021723e-05
2.377277668994078248e-04
7.671225707579541232e-03
1.013263382616792774e-01
3.893106931578838026e-01
3.929701702259179030e-01
1.011239117104253682e-01
7.176761826894687522e-03
1.377487995118064062e-04
0.000000000000000000e+00
0.000000000000000000e+00
0.000000000000000000e+00
0.000000000000000000e+00
0.000000000000000000e+00
0.000000000000000000e+00
0.000000000000000000e+00
0.000000000000000000e+00
