0.000000000000000000e+00
0.000000000000000000e+00
0.000000000000000000e+00
4.937232957412416470e-07
1.974893182964966588e-06
1.728031535094345659e-06
1.974893182964966588e-06
2.073637842113214706e-05
2.584641453205399684e-04
7.451271979326818187e-03
1.020560612927848276e-01
3.890102625324252661e-01
3.924492921489108888e-01
1.014954384904706436e-01
7.060736852395495949e-03
1.908240538039898833e-04
7.405849436118623647e-07
0.000000000000000000e+00
0.000000000000000000e+00
0.000000000000000000e+00
0.000000000000000000e+00
0.000000000000000000e+00
0.000000000000000000e+00
0.000000000000000000e+00
