0.000000000000000000e+00
0.000000000000000000e+00
0.000000000000000000e+00
0.000000000000000000e+00
0.000000000000000000e+00
2.221754830835587306e-06
1.012132756269545196e-05
2.542674973067394323e-05
2.024265512539090461e-04
7.275259624395065232e-03
1.008094099710381969e-01
3.914270380650786696e-01
3.919447069406633566e-01
1.008614977787388872e-01
7.306117330378893507e-03
1.357739063288414337e-04
0.000000000000000000e+00
0.000000000000000000e+00
0.000000000000000000e+00
0.000000000000000000e+00
0.000000000000000000e+00
0.000000000000000000e+00
0.000000000000000000e+00
0.000000000000000000e+00
