0.000000000000000000e+00
9.874465914824832940e-07
1.974893182964966588e-06
2.962339774447449459e-06
3.949786365929933176e-06
3.702924718059312035e-06
9.874465914824832093e-06
3.851041706781684212e-05
3.256105135413488172e-04
8.022509832499434557e-03
1.010755268274427243e-01
3.890122374256082538e-01
3.917138912999043043e-01
1.019899023711555025e-01
7.628765504145794581e-03
1.695939520871164762e-04
0.000000000000000000e+00
0.000000000000000000e+00
0.000000000000000000e+00
0.000000000000000000e+00
0.000000000000000000e+00
0.000000000000000000e+00
0.000000000000000000e+00
0.000000000000000000e+00
