0.000000000000000000e+00
0.000000000000000000e+00
1.481169887223724729e-06
1.481169887223724729e-06
4.690371309541795329e-06
4.196648013800553894e-06
8.393296027601107788e-06
2.394557984345021723e-05
2.446398930397851879e-04
7.545819990461265572e-03
1.015285179512853131e-01
3.895321280560237742e-01
3.918420124951491612e-01
1.018417853824331309e-01
7.281431165591830713e-03
1.372550762160651698e-04
2.221754830835587306e-06
0.000000000000000000e+00
0.000000000000000000e+00
0.000000000000000000e+00
0.000000000000000000e+00
0.000000000000000000e+00
0.000000000000000000e+00
0.000000000000000000e+00
