3.456063070188691317e-06
3.702924718059312035e-06
5.677817901024278200e-06
4.196648013800553894e-06
7.652711083989244788e-06
1.110877415417793653e-05
1.728031535094345532e-05
6.245599691126706274e-05
3.330163629774674709e-04
7.679125280311401014e-03
1.013991624478011028e-01
3.898473703803545520e-01
3.909384988639427183e-01
1.020353249143636926e-01
7.463368200072478288e-03
1.861336824944480838e-04
1.481169887223724729e-06
0.000000000000000000e+00
0.000000000000000000e+00
0.000000000000000000e+00
0.000000000000000000e+00
0.000000000000000000e+00
0.000000000000000000e+00
0.000000000000000000e+00
