0.000000000000000000e+00
7.405849436118623647e-07
1.234308239353104012e-06
1.728031535094345659e-06
5.924679548894898917e-06
7.158987788248003352e-06
2.616733467428580454e-05
8.393296027601107449e-05
4.241083110417265267e-04
8.070400992186334971e-03
1.015302459828203996e-01
3.881306944810622439e-01
3.913589042502663706e-01
1.027756629963276908e-01
7.393506353725092829e-03
1.888491606210249108e-04
7.405849436118623647e-07
0.000000000000000000e+00
0.000000000000000000e+00
0.000000000000000000e+00
0.000000000000000000e+00
0.000000000000000000e+00
0.000000000000000000e+00
0.000000000000000000e+00
