0.000000000000000000e+00
0.000000000000000000e+00
0.000000000000000000e+00
2.468616478706208235e-07
2.221754830835587306e-06
2.468616478706208023e-06
5.677817901024278200e-06
3.258573751892194489e-05
2.663637180523998585e-04
7.456949797227842812e-03
1.014055808506457435e-01
3.905580850645740676e-01
3.908195115496690408e-01
1.018306766082789500e-01
7.422636028173825937e-03
1.942801168741785649e-04
2.715478126576828741e-06
0.000000000000000000e+00
0.000000000000000000e+00
0.000000000000000000e+00
0.000000000000000000e+00
0.000000000000000000e+00
0.000000000000000000e+00
0.000000000000000000e+00
