1.481169887223724729e-06
7.405849436118623647e-07
9.874465914824832940e-07
2.962339774447449459e-06
5.677817901024278200e-06
4.937232957412416047e-06
1.209622074566041940e-05
2.616733467428580454e-05
2.414306916174671516e-04
7.157753480008650221e-03
1.006383348490638568e-01
3.912984231465380658e-01
3.919622341176621783e-01
1.012586981701627253e-01
7.222431231750752779e-03
1.616943793552566132e-04
3.456063070188691317e-06
0.000000000000000000e+00
0.000000000000000000e+00
0.000000000000000000e+00
0.000000000000000000e+00
0.000000000000000000e+00
0.000000000000000000e+00
0.000000000000000000e+00
