1.481169887223724729e-06
1.481169887223724729e-06
3.209201422318070176e-06
2.962339774447449459e-06
3.949786365929933176e-06
6.665264492506761917e-06
1.604600711159035088e-05
4.221334178587615542e-05
3.335100862732087073e-04
7.594698596739648568e-03
1.014270578140104850e-01
3.896540777100718778e-01
3.914208665238819163e-01
1.020948185715005174e-01
7.237489792270860624e-03
1.579914546371973135e-04
9.874465914824832940e-07
0.000000000000000000e+00
0.000000000000000000e+00
0.000000000000000000e+00
0.000000000000000000e+00
0.000000000000000000e+00
0.000000000000000000e+00
0.000000000000000000e+00
