0.000000000000000000e+00
0.000000000000000000e+00
0.000000000000000000e+00
0.000000000000000000e+00
0.000000000000000000e+00
2.468616478706208235e-07
2.468616478706208023e-06
9.380742619083590658e-06
1.915646387476017379e-04
7.360673754558300259e-03
1.018319109165183034e-01
3.902574075774676299e-01
3.910088544335858507e-01
1.020239692785616520e-01
7.147138429150213558e-03
1.661378890169277946e-04
2.468616478706208235e-07
0.000000000000000000e+00
0.000000000000000000e+00
0.000000000000000000e+00
0.000000000000000000e+00
0.000000000000000000e+00
0.000000000000000000e+00
0.000000000000000000e+00
