0.000000000000000000e+00
0.000000000000000000e+00
0.000000000000000000e+00
0.000000000000000000e+00
1.974893182964966588e-06
2.962339774447449459e-06
8.640157675471727658e-06
2.172382501261462993e-05
2.058826143240977547e-04
7.399924756569729173e-03
1.003428414565627202e-01
3.917454895908317747e-01
3.920199997432639027e-01
1.012893090144986741e-01
6.840536262494902042e-03
1.189873142736392215e-04
1.728031535094345659e-06
0.000000000000000000e+00
0.000000000000000000e+00
0.000000000000000000e+00
0.000000000000000000e+00
0.000000000000000000e+00
0.000000000000000000e+00
0.000000000000000000e+00
