1.974893182964966588e-06
9.874465914824832940e-07
2.468616478706208023e-06
1.481169887223724729e-06
4.196648013800553894e-06
8.640157675471727658e-06
1.135563580204855640e-05
3.974472530716994655e-05
3.103050913733703276e-04
7.752690051376845935e-03
1.013974344162660163e-01
3.895558267742193492e-01
3.918030083547855980e-01
1.021232076610056327e-01
6.844732910508703229e-03
1.370082145681945516e-04
4.443509661671174611e-06
0.000000000000000000e+00
0.000000000000000000e+00
0.000000000000000000e+00
0.000000000000000000e+00
0.000000000000000000e+00
0.000000000000000000e+00
0.000000000000000000e+00
