0.000000000000000000e+00
0.000000000000000000e+00
0.000000000000000000e+00
7.405849436118623647e-07
3.209201422318070176e-06
5.430956253153657482e-06
1.110877415417793653e-05
4.468195826458236429e-05
3.641209306091656864e-04
7.747505956771563035e-03
1.009518491418595343e-01
3.897530692308679989e-01
3.920755436140347938e-01
1.016670073357407306e-01
7.209100702765739235e-03
1.646567191297040856e-04
1.974893182964966588e-06
0.000000000000000000e+00
0.000000000000000000e+00
0.000000000000000000e+00
0.000000000000000000e+00
0.000000000000000000e+00
0.000000000000000000e+00
0.000000000000000000e+00
