0.000000000000000000e+00
0.000000000000000000e+00
0.000000000000000000e+00
0.000000000000000000e+00
0.000000000000000000e+00
0.000000000000000000e+00
9.874465914824832940e-07
1.333052898501352383e-05
2.127947404644751179e-04
7.074314243028380356e-03
1.016262751638420808e-01
3.911142643572265709e-01
3.916810587007375499e-01
1.010597276819790030e-01
7.063946053817814555e-03
1.508324668489493051e-04
2.468616478706208023e-06
0.000000000000000000e+00
0.000000000000000000e+00
0.000000000000000000e+00
0.000000000000000000e+00
0.000000000000000000e+00
0.000000000000000000e+00
0.000000000000000000e+00
