0.000000000000000000e+00
2.468616478706208235e-07
1.481169887223724729e-06
1.728031535094345659e-06
3.209201422318070176e-06
9.133880971212969094e-06
1.407111392862538514e-05
4.246020343374678037e-05
2.841377566990845299e-04
7.263410265297275993e-03
1.005521801339570032e-01
3.922263760808837318e-01
3.900715207566210485e-01
1.022698434798407774e-01
7.117761893053609588e-03
1.424391708213482057e-04
0.000000000000000000e+00
0.000000000000000000e+00
0.000000000000000000e+00
0.000000000000000000e+00
0.000000000000000000e+00
0.000000000000000000e+00
0.000000000000000000e+00
0.000000000000000000e+00
