0.000000000000000000e+00
0.000000000000000000e+00
0.000000000000000000e+00
7.405849436118623647e-07
3.456063070188691317e-06
9.133880971212969094e-06
2.814222785725077028e-05
6.344344350274954900e-05
2.940122226139093653e-04
7.643577203018031563e-03
1.017879695431973264e-01
3.895175632187993786e-01
3.912344859797395880e-01
1.017210700366243947e-01
7.505087818562613221e-03
1.858868208465774656e-04
5.430956253153657482e-06
0.000000000000000000e+00
0.000000000000000000e+00
0.000000000000000000e+00
0.000000000000000000e+00
0.000000000000000000e+00
0.000000000000000000e+00
0.000000000000000000e+00
