0.000000000000000000e+00
0.000000000000000000e+00
0.000000000000000000e+00
0.000000000000000000e+00
0.000000000000000000e+00
0.000000000000000000e+00
2.468616478706208235e-07
1.160249744991917796e-05
2.014391046624265734e-04
7.262669680353664274e-03
1.006474687300350640e-01
3.921826815692106005e-01
3.912739838433988426e-01
1.011508196300432566e-01
7.110602905265361526e-03
1.557696998063617228e-04
2.715478126576828741e-06
0.000000000000000000e+00
0.000000000000000000e+00
0.000000000000000000e+00
0.000000000000000000e+00
0.000000000000000000e+00
0.000000000000000000e+00
0.000000000000000000e+00
