0.000000000000000000e+00
0.000000000000000000e+00
2.468616478706208023e-06
4.937232957412416047e-06
6.171541196765519635e-06
1.184935909778979783e-05
1.950207018177904262e-05
2.863595115299201341e-05
2.525394657716450780e-04
7.263903988593016850e-03
1.008659412884005679e-01
3.912505319868511688e-01
3.915697240975478666e-01
1.013562085210716196e-01
7.213050489131668692e-03
1.535479449755261321e-04
9.874465914824832940e-07
0.000000000000000000e+00
0.000000000000000000e+00
0.000000000000000000e+00
0.000000000000000000e+00
0.000000000000000000e+00
0.000000000000000000e+00
0.000000000000000000e+00
