0.000000000000000000e+00
0.000000000000000000e+00
9.874465914824832940e-07
2.221754830835587306e-06
1.728031535094345659e-06
4.196648013800553894e-06
1.456483722436662658e-05
3.826355541994622394e-05
2.629076549822111498e-04
7.601857584527896630e-03
1.015418484802703275e-01
3.910848878211299895e-01
3.902388929538773699e-01
1.018445008605597113e-01
7.182686506443583009e-03
1.799621412976825480e-04
4.937232957412416470e-07
0.000000000000000000e+00
0.000000000000000000e+00
0.000000000000000000e+00
0.000000000000000000e+00
0.000000000000000000e+00
0.000000000000000000e+00
0.000000000000000000e+00
