0.000000000000000000e+00
0.000000000000000000e+00
0.000000000000000000e+00
0.000000000000000000e+00
0.000000000000000000e+00
5.924679548894898917e-06
2.567361137854456141e-05
7.233046282609189822e-05
4.315141604778451804e-04
7.950426231321213941e-03
1.010123302455878391e-01
3.880213347710555483e-01
3.924001666809846522e-01
1.026821024317847164e-01
7.251067182903745030e-03
1.471295421308900053e-04
0.000000000000000000e+00
0.000000000000000000e+00
0.000000000000000000e+00
0.000000000000000000e+00
0.000000000000000000e+00
0.000000000000000000e+00
0.000000000000000000e+00
0.000000000000000000e+00
