1.481169887223724729e-06
2.468616478706208023e-06
2.221754830835587306e-06
4.196648013800553894e-06
4.937232957412416047e-06
6.912126140377382635e-06
1.530542216797848958e-05
4.492881991245298247e-05
2.693260578268472766e-04
7.577171419740834704e-03
1.019953333274086493e-01
3.898392239459748110e-01
3.902598761939463645e-01
1.023619228744965248e-01
7.410539807428165836e-03
2.006985197188147188e-04
1.234308239353104012e-06
0.000000000000000000e+00
0.000000000000000000e+00
0.000000000000000000e+00
0.000000000000000000e+00
0.000000000000000000e+00
0.000000000000000000e+00
0.000000000000000000e+00
