2.715478126576828741e-06
3.209201422318070176e-06
2.468616478706208023e-06
2.715478126576828741e-06
3.702924718059312035e-06
1.481169887223724814e-05
2.690791961789766585e-05
6.492461338997327161e-05
3.544933263422114420e-04
7.611732050442721574e-03
1.010987318223425524e-01
3.898481109652981447e-01
3.911584525921953936e-01
1.021392536681172275e-01
7.465589954903314313e-03
1.923052236912135924e-04
2.221754830835587306e-06
0.000000000000000000e+00
0.000000000000000000e+00
0.000000000000000000e+00
0.000000000000000000e+00
0.000000000000000000e+00
0.000000000000000000e+00
0.000000000000000000e+00
