0.000000000000000000e+00
0.000000000000000000e+00
1.481169887223724729e-06
1.234308239353104012e-06
4.443509661671174611e-06
5.677817901024278200e-06
9.627604266954210529e-06
2.271127160409711280e-05
2.039077211411327822e-04
7.249339151368650730e-03
1.017484716795380301e-01
3.895736008128660166e-01
3.927808273420011487e-01
1.012833843349497803e-01
6.950883419093069858e-03
1.612006560595153769e-04
3.209201422318070176e-06
0.000000000000000000e+00
0.000000000000000000e+00
0.000000000000000000e+00
0.000000000000000000e+00
0.000000000000000000e+00
0.000000000000000000e+00
0.000000000000000000e+00
