0.000000000000000000e+00
0.000000000000000000e+00
0.000000000000000000e+00
0.000000000000000000e+00
0.000000000000000000e+00
1.234308239353104012e-06
6.418402844636140353e-06
2.493302643493270010e-05
3.024055186415104918e-04
7.579393174571670729e-03
1.005818035317014858e-01
3.909034445099450750e-01
3.920582632986838179e-01
1.013196729971867632e-01
7.059749405804013368e-03
1.624349642988684949e-04
2.468616478706208235e-07
0.000000000000000000e+00
0.000000000000000000e+00
0.000000000000000000e+00
0.000000000000000000e+00
0.000000000000000000e+00
0.000000000000000000e+00
0.000000000000000000e+00
