0.000000000000000000e+00
1.234308239353104012e-06
1.481169887223724729e-06
3.456063070188691317e-06
3.949786365929933176e-06
1.036818921056607353e-05
2.246440995622649123e-05
5.875307219320774943e-05
3.549870496379527326e-04
8.050652060356685083e-03
1.012979491721741482e-01
3.885476438043157232e-01
3.921634263606766924e-01
1.022816928389385788e-01
7.065180362057167131e-03
1.347864597373589610e-04
1.974893182964966588e-06
0.000000000000000000e+00
0.000000000000000000e+00
0.000000000000000000e+00
0.000000000000000000e+00
0.000000000000000000e+00
0.000000000000000000e+00
0.000000000000000000e+00
