0.000000000000000000e+00
0.000000000000000000e+00
0.000000000000000000e+00
0.000000000000000000e+00
0.000000000000000000e+00
4.937232957412416470e-07
3.949786365929933176e-06
1.802090029455531662e-05
1.947738401699198013e-04
7.252795214438839330e-03
1.015218526867927989e-01
3.900473283151297821e-01
3.916442763152048201e-01
1.021824544564945841e-01
7.011117661173501235e-03
1.217027924002160485e-04
1.234308239353104012e-06
0.000000000000000000e+00
0.000000000000000000e+00
0.000000000000000000e+00
0.000000000000000000e+00
0.000000000000000000e+00
0.000000000000000000e+00
0.000000000000000000e+00
