0.000000000000000000e+00
0.000000000000000000e+00
0.000000000000000000e+00
0.000000000000000000e+00
0.000000000000000000e+00
0.000000000000000000e+00
6.418402844636140353e-06
2.443930313919146036e-05
2.885812663607557112e-04
7.281431165591830713e-03
1.005909374126726930e-01
3.901201525012515936e-01
3.941790517155403517e-01
1.006479624533308109e-01
6.727226766122287351e-03
1.335521514980058430e-04
2.468616478706208235e-07
0.000000000000000000e+00
0.000000000000000000e+00
0.000000000000000000e+00
0.000000000000000000e+00
0.000000000000000000e+00
0.000000000000000000e+00
0.000000000000000000e+00
