0.000000000000000000e+00
0.000000000000000000e+00
0.000000000000000000e+00
0.000000000000000000e+00
0.000000000000000000e+00
2.468616478706208235e-07
3.702924718059312035e-06
2.098324006900276862e-05
2.389620751387609428e-04
7.532242599828382033e-03
1.013438654386780852e-01
3.908449382993997578e-01
3.908664152627644994e-01
1.014798862066547958e-01
7.462627615128866569e-03
2.036608594932621640e-04
2.468616478706208023e-06
0.000000000000000000e+00
0.000000000000000000e+00
0.000000000000000000e+00
0.000000000000000000e+00
0.000000000000000000e+00
0.000000000000000000e+00
0.000000000000000000e+00
