0.000000000000000000e+00
0.000000000000000000e+00
0.000000000000000000e+00
0.000000000000000000e+00
7.405849436118623647e-07
1.728031535094345659e-06
1.036818921056607353e-05
4.097903354652305099e-05
3.083301981904053822e-04
7.893894913958841159e-03
1.015880116084221241e-01
3.888858442618984834e-01
3.913677912695897043e-01
1.025196674674858505e-01
7.207619532878515797e-03
1.740374617487876576e-04
9.874465914824832940e-07
0.000000000000000000e+00
0.000000000000000000e+00
0.000000000000000000e+00
0.000000000000000000e+00
0.000000000000000000e+00
0.000000000000000000e+00
0.000000000000000000e+00
