0.000000000000000000e+00
1.481169887223724729e-06
1.234308239353104012e-06
3.949786365929933176e-06
3.949786365929933176e-06
4.690371309541795329e-06
7.158987788248003352e-06
2.592047302641518297e-05
2.587110069684106137e-04
7.123686572602504208e-03
1.004916990302286983e-01
3.915277576174098773e-01
3.921636732223245936e-01
1.012154973817853687e-01
7.024941913454255636e-03
1.444140640043131783e-04
1.234308239353104012e-06
0.000000000000000000e+00
0.000000000000000000e+00
0.000000000000000000e+00
0.000000000000000000e+00
0.000000000000000000e+00
0.000000000000000000e+00
0.000000000000000000e+00
