0.000000000000000000e+00
0.000000000000000000e+00
0.000000000000000000e+00
0.000000000000000000e+00
0.000000000000000000e+00
0.000000000000000000e+00
0.000000000000000000e+00
1.110877415417793653e-05
2.488365410535857782e-04
7.688506022930485101e-03
1.011012004388212593e-01
3.904188550951750436e-01
3.918570710556693037e-01
1.014221205810530713e-01
7.123686572602504208e-03
1.281211952448521889e-04
4.937232957412416470e-07
0.000000000000000000e+00
0.000000000000000000e+00
0.000000000000000000e+00
0.000000000000000000e+00
0.000000000000000000e+00
0.000000000000000000e+00
0.000000000000000000e+00
