2.221754830835587306e-06
4.937232957412416470e-07
1.481169887223724729e-06
2.221754830835587306e-06
3.209201422318070176e-06
5.184094605283036764e-06
8.393296027601107788e-06
1.505856052010786801e-05
2.147696336474400904e-04
7.296983449407680282e-03
1.014033590958149100e-01
3.902467925266092097e-01
3.918318911675864880e-01
1.017361285971444956e-01
7.072092488197544331e-03
1.535479449755261321e-04
3.456063070188691317e-06
0.000000000000000000e+00
0.000000000000000000e+00
0.000000000000000000e+00
0.000000000000000000e+00
0.000000000000000000e+00
0.000000000000000000e+00
0.000000000000000000e+00
