1.728031535094345659e-06
2.221754830835587306e-06
3.209201422318070176e-06
3.702924718059312035e-06
6.665264492506761917e-06
9.874465914824832093e-06
1.826776194242593819e-05
4.097903354652305099e-05
2.883344047128850660e-04
7.601116999584284911e-03
1.014658150927261748e-01
3.901527382387705023e-01
3.906230096779640393e-01
1.021604837698340956e-01
7.425351506300402818e-03
1.957612867614023011e-04
4.937232957412416470e-07
0.000000000000000000e+00
0.000000000000000000e+00
0.000000000000000000e+00
0.000000000000000000e+00
0.000000000000000000e+00
0.000000000000000000e+00
0.000000000000000000e+00
