0.000000000000000000e+00
0.000000000000000000e+00
1.234308239353104012e-06
9.874465914824832940e-07
2.221754830835587306e-06
1.481169887223724729e-06
8.887019323342349223e-06
2.345185654770897410e-05
2.330373955898660252e-04
7.370301358825254341e-03
1.000562350833849312e-01
3.907965534164171140e-01
3.933491028553993130e-01
1.012742504539785732e-01
6.762527981767785940e-03
1.197278992172510896e-04
0.000000000000000000e+00
0.000000000000000000e+00
0.000000000000000000e+00
0.000000000000000000e+00
0.000000000000000000e+00
0.000000000000000000e+00
0.000000000000000000e+00
0.000000000000000000e+00
