0.000000000000000000e+00
0.000000000000000000e+00
0.000000000000000000e+00
0.000000000000000000e+00
0.000000000000000000e+00
0.000000000000000000e+00
1.728031535094345532e-05
3.702924718059311950e-05
2.653762714609173316e-04
7.269088083198299750e-03
1.016331872899824545e-01
3.902756753394100997e-01
3.914144481210372617e-01
1.017692080579591651e-01
7.170343424050052046e-03
1.481169887223724780e-04
2.468616478706208235e-07
0.000000000000000000e+00
0.000000000000000000e+00
0.000000000000000000e+00
0.000000000000000000e+00
0.000000000000000000e+00
0.000000000000000000e+00
0.000000000000000000e+00
