0.000000000000000000e+00
0.000000000000000000e+00
0.000000000000000000e+00
0.000000000000000000e+00
0.000000000000000000e+00
4.937232957412416470e-07
3.456063070188691317e-06
1.036818921056607353e-05
2.199537282527231263e-04
7.376472900022019823e-03
1.023796969131432061e-01
3.894348645667627395e-01
3.913964272207426931e-01
1.020493960282923135e-01
6.989887559456627909e-03
1.352801830331001973e-04
3.702924718059312035e-06
0.000000000000000000e+00
0.000000000000000000e+00
0.000000000000000000e+00
0.000000000000000000e+00
0.000000000000000000e+00
0.000000000000000000e+00
0.000000000000000000e+00
