0.000000000000000000e+00
0.000000000000000000e+00
0.000000000000000000e+00
0.000000000000000000e+00
0.000000000000000000e+00
4.937232957412416470e-07
5.430956253153657482e-06
3.307946081466318802e-05
2.784599387980602847e-04
7.425351506300402818e-03
9.948721898504314654e-02
3.919891420372800805e-01
3.933372534963014977e-01
1.002633520059483807e-01
7.000008887019323715e-03
1.802090029455531933e-04
0.000000000000000000e+00
0.000000000000000000e+00
0.000000000000000000e+00
0.000000000000000000e+00
0.000000000000000000e+00
0.000000000000000000e+00
0.000000000000000000e+00
0.000000000000000000e+00
