0.000000000000000000e+00
0.000000000000000000e+00
0.000000000000000000e+00
0.000000000000000000e+00
1.728031535094345659e-06
6.171541196765519635e-06
1.505856052010786801e-05
3.925100201142871020e-05
2.772256305587071667e-04
7.566062645586657184e-03
1.017060114761042799e-01
3.906422648864979474e-01
3.906573234470180345e-01
1.016030701689422389e-01
7.332284665053178871e-03
1.535479449755261321e-04
0.000000000000000000e+00
0.000000000000000000e+00
0.000000000000000000e+00
0.000000000000000000e+00
0.000000000000000000e+00
0.000000000000000000e+00
0.000000000000000000e+00
0.000000000000000000e+00
