0.000000000000000000e+00
4.937232957412416470e-07
1.481169887223724729e-06
1.974893182964966588e-06
1.481169887223724729e-06
4.196648013800553894e-06
1.505856052010786801e-05
3.949786365929932837e-05
3.549870496379527326e-04
7.836869873300728387e-03
1.023330400616956626e-01
3.876880715464302574e-01
3.918647237667532424e-01
1.023471111756242835e-01
7.339937376137167790e-03
1.710751219743402124e-04
0.000000000000000000e+00
0.000000000000000000e+00
0.000000000000000000e+00
0.000000000000000000e+00
0.000000000000000000e+00
0.000000000000000000e+00
0.000000000000000000e+00
0.000000000000000000e+00
