0.000000000000000000e+00
0.000000000000000000e+00
2.468616478706208235e-07
1.481169887223724729e-06
3.949786365929933176e-06
4.937232957412416047e-06
1.382425228075476527e-05
4.369451167309987803e-05
3.196858339924539267e-04
7.400665341513340892e-03
9.976617264713694144e-02
3.929481995392574145e-01
3.915719458523787000e-01
1.004793559478351778e-01
7.263410265297275993e-03
1.824307577763887569e-04
0.000000000000000000e+00
0.000000000000000000e+00
0.000000000000000000e+00
0.000000000000000000e+00
0.000000000000000000e+00
0.000000000000000000e+00
0.000000000000000000e+00
0.000000000000000000e+00
