0.000000000000000000e+00
0.000000000000000000e+00
0.000000000000000000e+00
0.000000000000000000e+00
1.234308239353104012e-06
5.430956253153657482e-06
1.777403864668469845e-05
4.739743639115919134e-05
3.268448217807019352e-04
7.786263235487250224e-03
1.018037686886610477e-01
3.886172587890152630e-01
3.920691252111901393e-01
1.015566601791425549e-01
7.615188113512910174e-03
1.530542216797848958e-04
0.000000000000000000e+00
0.000000000000000000e+00
0.000000000000000000e+00
0.000000000000000000e+00
0.000000000000000000e+00
0.000000000000000000e+00
0.000000000000000000e+00
0.000000000000000000e+00
