0.000000000000000000e+00
0.000000000000000000e+00
0.000000000000000000e+00
9.874465914824832940e-07
4.196648013800553894e-06
1.184935909778979783e-05
1.826776194242593819e-05
4.591626650393546873e-05
2.908030211915913019e-04
7.492744736169082258e-03
1.015302459828203996e-01
3.897562784322902707e-01
3.912796616612999046e-01
1.020775382561495692e-01
7.312535733223528983e-03
1.772466631711057210e-04
1.728031535094345659e-06
0.000000000000000000e+00
0.000000000000000000e+00
0.000000000000000000e+00
0.000000000000000000e+00
0.000000000000000000e+00
0.000000000000000000e+00
0.000000000000000000e+00
