0.000000000000000000e+00
0.000000000000000000e+00
0.000000000000000000e+00
0.000000000000000000e+00
0.000000000000000000e+00
1.481169887223724729e-06
1.974893182964966588e-06
1.308366733714290227e-05
1.831713427200006386e-04
7.346602640629674996e-03
1.015282710896374396e-01
3.904191019568228893e-01
3.921883593871116624e-01
1.009237069140022924e-01
7.202929161568973754e-03
1.910709154518605015e-04
2.468616478706208235e-07
0.000000000000000000e+00
0.000000000000000000e+00
0.000000000000000000e+00
0.000000000000000000e+00
0.000000000000000000e+00
0.000000000000000000e+00
0.000000000000000000e+00
