9.874465914824832940e-07
3.209201422318070176e-06
5.184094605283036764e-06
6.912126140377382635e-06
1.530542216797848958e-05
2.320499489983835593e-05
3.456063070188691063e-05
6.714636822080886230e-05
3.364724260476561254e-04
7.818108388062560213e-03
1.014744552504016489e-01
3.888327690076063270e-01
3.917533891635636145e-01
1.021488812723841816e-01
7.326853708800025108e-03
1.454015105957956510e-04
5.430956253153657482e-06
0.000000000000000000e+00
0.000000000000000000e+00
0.000000000000000000e+00
0.000000000000000000e+00
0.000000000000000000e+00
0.000000000000000000e+00
0.000000000000000000e+00
