0.000000000000000000e+00
0.000000000000000000e+00
0.000000000000000000e+00
0.000000000000000000e+00
0.000000000000000000e+00
7.405849436118623647e-07
6.171541196765519635e-06
3.776983212420498081e-05
3.031461035851223192e-04
7.526317920279486547e-03
1.013231290602569501e-01
3.894573289767189750e-01
3.922197108163912316e-01
1.015603631038606153e-01
7.394000077020834553e-03
1.691002287913752399e-04
2.221754830835587306e-06
0.000000000000000000e+00
0.000000000000000000e+00
0.000000000000000000e+00
0.000000000000000000e+00
0.000000000000000000e+00
0.000000000000000000e+00
0.000000000000000000e+00
