0.000000000000000000e+00
0.000000000000000000e+00
0.000000000000000000e+00
0.000000000000000000e+00
0.000000000000000000e+00
0.000000000000000000e+00
1.728031535094345659e-06
1.481169887223724814e-05
1.957612867614023011e-04
7.256251277509027930e-03
1.013458403318610451e-01
3.916894519967651367e-01
3.900372069875670533e-01
1.022071406212816530e-01
7.121958541067409908e-03
1.298492267799465432e-04
0.000000000000000000e+00
0.000000000000000000e+00
0.000000000000000000e+00
0.000000000000000000e+00
0.000000000000000000e+00
0.000000000000000000e+00
0.000000000000000000e+00
0.000000000000000000e+00
