0.000000000000000000e+00
0.000000000000000000e+00
0.000000000000000000e+00
0.000000000000000000e+00
0.000000000000000000e+00
1.974893182964966588e-06
8.640157675471727658e-06
2.394557984345021723e-05
2.920373294309444199e-04
7.645552096200996725e-03
1.011157652760456271e-01
3.900093116213576572e-01
3.916321800944591591e-01
1.019462078594823989e-01
7.169109115810698603e-03
1.552759765106204864e-04
0.000000000000000000e+00
0.000000000000000000e+00
0.000000000000000000e+00
0.000000000000000000e+00
0.000000000000000000e+00
0.000000000000000000e+00
0.000000000000000000e+00
0.000000000000000000e+00
