0.000000000000000000e+00
0.000000000000000000e+00
0.000000000000000000e+00
0.000000000000000000e+00
0.000000000000000000e+00
2.468616478706208235e-07
7.158987788248003352e-06
1.678659205520221558e-05
1.997110731273322190e-04
7.154791140234202478e-03
1.013779323460842346e-01
3.898676130354799541e-01
3.933446593457376461e-01
1.008397739537262722e-01
7.067402116888003155e-03
1.226902389916985348e-04
1.234308239353104012e-06
0.000000000000000000e+00
0.000000000000000000e+00
0.000000000000000000e+00
0.000000000000000000e+00
0.000000000000000000e+00
0.000000000000000000e+00
0.000000000000000000e+00
