0.000000000000000000e+00
0.000000000000000000e+00
0.000000000000000000e+00
0.000000000000000000e+00
0.000000000000000000e+00
4.690371309541795329e-06
2.221754830835587306e-05
5.628445571450154056e-05
3.488155084411871968e-04
8.188400859868492573e-03
1.030748593135468738e-01
3.869820472335202544e-01
3.904640307767353602e-01
1.030810308547436410e-01
7.600870137936414049e-03
1.757654932838820119e-04
9.874465914824832940e-07
0.000000000000000000e+00
0.000000000000000000e+00
0.000000000000000000e+00
0.000000000000000000e+00
0.000000000000000000e+00
0.000000000000000000e+00
0.000000000000000000e+00
