1.234308239353104012e-06
1.481169887223724729e-06
2.468616478706208023e-06
3.949786365929933176e-06
5.184094605283036764e-06
7.405849436118624070e-06
1.234308239353103927e-05
3.530121564549877194e-05
3.140080160914296816e-04
7.597414074866225449e-03
1.000164903580777614e-01
3.908901139809600744e-01
3.930074463347463798e-01
1.010476314612333421e-01
6.919531989813500726e-03
1.360207679767120518e-04
0.000000000000000000e+00
0.000000000000000000e+00
0.000000000000000000e+00
0.000000000000000000e+00
0.000000000000000000e+00
0.000000000000000000e+00
0.000000000000000000e+00
0.000000000000000000e+00
