2.468616478706208235e-07
2.221754830835587306e-06
4.937232957412416470e-07
9.874465914824832940e-07
2.468616478706208023e-06
4.443509661671174611e-06
1.382425228075476527e-05
4.369451167309987803e-05
2.824097251639901755e-04
7.696652457310214877e-03
1.012473425343606709e-01
3.906548548305393553e-01
3.908444445761040109e-01
1.017748858758601854e-01
7.239958408749566643e-03
1.861336824944480838e-04
2.715478126576828741e-06
0.000000000000000000e+00
0.000000000000000000e+00
0.000000000000000000e+00
0.000000000000000000e+00
0.000000000000000000e+00
0.000000000000000000e+00
0.000000000000000000e+00
