0.000000000000000000e+00
0.000000000000000000e+00
0.000000000000000000e+00
2.468616478706208235e-07
2.221754830835587306e-06
6.912126140377382635e-06
7.899572731859866352e-06
3.258573751892194489e-05
2.962339774447449560e-04
7.610744603851238993e-03
1.014776644518239623e-01
3.887851247095672758e-01
3.918390501553747352e-01
1.025801485712141553e-01
7.193795280597760529e-03
1.639161341860922039e-04
3.456063070188691317e-06
0.000000000000000000e+00
0.000000000000000000e+00
0.000000000000000000e+00
0.000000000000000000e+00
0.000000000000000000e+00
0.000000000000000000e+00
0.000000000000000000e+00
