0.000000000000000000e+00
0.000000000000000000e+00
0.000000000000000000e+00
0.000000000000000000e+00
2.468616478706208235e-07
1.974893182964966588e-06
6.665264492506761917e-06
1.653973040733159401e-05
2.278533009845829893e-04
7.212063042540186979e-03
1.015025974782588908e-01
3.908565407968496719e-01
3.912174525260365132e-01
1.016030701689422389e-01
7.180958474908488709e-03
1.718157069179520669e-04
2.221754830835587306e-06
0.000000000000000000e+00
0.000000000000000000e+00
0.000000000000000000e+00
0.000000000000000000e+00
0.000000000000000000e+00
0.000000000000000000e+00
0.000000000000000000e+00
