0.000000000000000000e+00
7.405849436118623647e-07
2.715478126576828741e-06
3.456063070188691317e-06
7.405849436118624070e-06
1.110877415417793653e-05
2.172382501261462993e-05
5.998738043256085387e-05
3.747359814676023493e-04
7.675669217241212414e-03
1.012308028039533431e-01
3.887009448876433959e-01
3.932382619755053765e-01
1.011589660644229838e-01
7.314263764758623283e-03
1.967487333528847738e-04
2.468616478706208023e-06
0.000000000000000000e+00
0.000000000000000000e+00
0.000000000000000000e+00
0.000000000000000000e+00
0.000000000000000000e+00
0.000000000000000000e+00
0.000000000000000000e+00
