0.000000000000000000e+00
1.234308239353104012e-06
1.234308239353104012e-06
1.974893182964966588e-06
9.874465914824832940e-07
5.430956253153657482e-06
1.086191250630731496e-05
2.073637842113214706e-05
1.871211290859305565e-04
7.200954268386008592e-03
1.020000236987181896e-01
3.898081193783431431e-01
3.911159923887616574e-01
1.020570487393763076e-01
7.444112991538570125e-03
1.421923091734775876e-04
1.974893182964966588e-06
0.000000000000000000e+00
0.000000000000000000e+00
0.000000000000000000e+00
0.000000000000000000e+00
0.000000000000000000e+00
0.000000000000000000e+00
0.000000000000000000e+00
