0.000000000000000000e+00
0.000000000000000000e+00
0.000000000000000000e+00
0.000000000000000000e+00
4.937232957412416470e-07
5.677817901024278200e-06
2.295813325196773436e-05
5.628445571450154056e-05
3.599242825953650961e-04
8.007698133627196707e-03
1.018889359571764214e-01
3.884182883008315268e-01
3.906447335029766821e-01
1.031600265820622475e-01
7.256498139156897925e-03
1.747780466923995121e-04
3.702924718059312035e-06
0.000000000000000000e+00
0.000000000000000000e+00
0.000000000000000000e+00
0.000000000000000000e+00
0.000000000000000000e+00
0.000000000000000000e+00
0.000000000000000000e+00
