1.481169887223724729e-06
9.874465914824832940e-07
3.209201422318070176e-06
3.209201422318070176e-06
5.430956253153657482e-06
1.012132756269545196e-05
2.271127160409711280e-05
7.109615458673879378e-05
3.754765664112142310e-04
7.762564517291670879e-03
1.018551159114181454e-01
3.893247642718124513e-01
3.899303158940390923e-01
1.027435709821045012e-01
7.689246607874096820e-03
1.989704881837203645e-04
1.481169887223724729e-06
0.000000000000000000e+00
0.000000000000000000e+00
0.000000000000000000e+00
0.000000000000000000e+00
0.000000000000000000e+00
0.000000000000000000e+00
0.000000000000000000e+00
