0.000000000000000000e+00
0.000000000000000000e+00
0.000000000000000000e+00
0.000000000000000000e+00
0.000000000000000000e+00
1.728031535094345659e-06
1.036818921056607353e-05
3.307946081466318802e-05
3.169703558658770997e-04
7.703564583450592945e-03
1.008464392182187863e-01
3.901766838186139785e-01
3.916583474291334133e-01
1.020306345430541523e-01
7.080732645873016699e-03
1.394768310469007605e-04
1.974893182964966588e-06
0.000000000000000000e+00
0.000000000000000000e+00
0.000000000000000000e+00
0.000000000000000000e+00
0.000000000000000000e+00
0.000000000000000000e+00
0.000000000000000000e+00
