0.000000000000000000e+00
0.000000000000000000e+00
0.000000000000000000e+00
0.000000000000000000e+00
1.481169887223724729e-06
5.924679548894898917e-06
1.258994404140166083e-05
3.456063070188691063e-05
2.700666427704591583e-04
7.243414471819755243e-03
1.006240168734873486e-01
3.916057658981370038e-01
3.918012803232505115e-01
1.011747652098867051e-01
7.066908393592261431e-03
1.592257628765504044e-04
0.000000000000000000e+00
0.000000000000000000e+00
0.000000000000000000e+00
0.000000000000000000e+00
0.000000000000000000e+00
0.000000000000000000e+00
0.000000000000000000e+00
0.000000000000000000e+00
