0.000000000000000000e+00
0.000000000000000000e+00
0.000000000000000000e+00
0.000000000000000000e+00
1.974893182964966588e-06
6.665264492506761917e-06
1.579914546371973270e-05
5.184094605283036595e-05
2.668574413481410949e-04
7.213791074075281279e-03
1.002087955817689696e-01
3.919098994483136145e-01
3.923130245192862908e-01
1.006879540402858403e-01
7.150100768924660434e-03
1.732968768051758031e-04
0.000000000000000000e+00
0.000000000000000000e+00
0.000000000000000000e+00
0.000000000000000000e+00
0.000000000000000000e+00
0.000000000000000000e+00
0.000000000000000000e+00
0.000000000000000000e+00
