0.000000000000000000e+00
0.000000000000000000e+00
0.000000000000000000e+00
0.000000000000000000e+00
0.000000000000000000e+00
0.000000000000000000e+00
0.000000000000000000e+00
9.627604266954210529e-06
2.118072938729926452e-04
7.148372737389566134e-03
1.009807319546603965e-01
3.910572393165684391e-01
3.928388398292507189e-01
1.006067365581364143e-01
6.970138627626978022e-03
1.760123549317526301e-04
4.937232957412416470e-07
0.000000000000000000e+00
0.000000000000000000e+00
0.000000000000000000e+00
0.000000000000000000e+00
0.000000000000000000e+00
0.000000000000000000e+00
0.000000000000000000e+00
