0.000000000000000000e+00
0.000000000000000000e+00
0.000000000000000000e+00
1.481169887223724729e-06
3.456063070188691317e-06
5.924679548894898917e-06
1.752717699881407688e-05
4.492881991245298247e-05
3.231418970626426354e-04
7.688752884578355096e-03
1.014379197265167926e-01
3.895864376185553257e-01
3.914221008321212558e-01
1.019795341819449280e-01
7.292293078098138238e-03
1.962550100571435374e-04
2.468616478706208235e-07
0.000000000000000000e+00
0.000000000000000000e+00
0.000000000000000000e+00
0.000000000000000000e+00
0.000000000000000000e+00
0.000000000000000000e+00
0.000000000000000000e+00
