4.937232957412416470e-07
1.481169887223724729e-06
2.715478126576828741e-06
5.184094605283036764e-06
5.677817901024278200e-06
7.899572731859866352e-06
1.036818921056607353e-05
3.233887587105132672e-05
2.698197811225885130e-04
7.265878881775982012e-03
1.006607992590200784e-01
3.911670927498708816e-01
3.915709584057872061e-01
1.018501786784607316e-01
7.035310102664822304e-03
1.138032196683561856e-04
0.000000000000000000e+00
0.000000000000000000e+00
0.000000000000000000e+00
0.000000000000000000e+00
0.000000000000000000e+00
0.000000000000000000e+00
0.000000000000000000e+00
0.000000000000000000e+00
