7.405849436118623647e-07
1.234308239353104012e-06
1.974893182964966588e-06
3.949786365929933176e-06
5.924679548894898917e-06
9.874465914824832093e-06
1.999579347752028575e-05
3.505435399762815376e-05
3.399284891178448341e-04
7.605066785950215236e-03
1.004758998847649770e-01
3.909725657713488678e-01
3.917877029326176097e-01
1.013480620866918924e-01
7.224406124933717942e-03
1.676190589041515308e-04
0.000000000000000000e+00
0.000000000000000000e+00
0.000000000000000000e+00
0.000000000000000000e+00
0.000000000000000000e+00
0.000000000000000000e+00
0.000000000000000000e+00
0.000000000000000000e+00
