0.000000000000000000e+00
0.000000000000000000e+00
0.000000000000000000e+00
0.000000000000000000e+00
0.000000000000000000e+00
0.000000000000000000e+00
2.221754830835587306e-06
1.110877415417793653e-05
2.248909612101355441e-04
7.427079537835497118e-03
1.010496063544163020e-01
3.904465035997365385e-01
3.928208189289562058e-01
1.005721759274345317e-01
7.261682233762181693e-03
1.789746947062000753e-04
4.937232957412416047e-06
0.000000000000000000e+00
0.000000000000000000e+00
0.000000000000000000e+00
0.000000000000000000e+00
0.000000000000000000e+00
0.000000000000000000e+00
0.000000000000000000e+00
