7.405849436118623647e-07
5.677817901024278200e-06
5.430956253153657482e-06
7.652711083989244788e-06
6.665264492506761917e-06
1.728031535094345532e-05
2.098324006900276862e-05
4.320078837735864168e-05
3.117862612605940909e-04
7.835882426709244938e-03
1.016433086175451417e-01
3.890944423543491459e-01
3.915689835126042739e-01
1.020289065115190519e-01
7.201941714977491173e-03
2.044014444368740186e-04
2.715478126576828741e-06
0.000000000000000000e+00
0.000000000000000000e+00
0.000000000000000000e+00
0.000000000000000000e+00
0.000000000000000000e+00
0.000000000000000000e+00
0.000000000000000000e+00
