0.000000000000000000e+00
0.000000000000000000e+00
0.000000000000000000e+00
4.937232957412416470e-07
1.974893182964966588e-06
7.405849436118624070e-06
1.703345370307283375e-05
3.530121564549877194e-05
3.280791300200550532e-04
7.865012101157978913e-03
1.007899079008564153e-01
3.904914324196490094e-01
3.906921309393678321e-01
1.020960528797398709e-01
7.489535534746764520e-03
1.844056509593537294e-04
1.234308239353104012e-06
0.000000000000000000e+00
0.000000000000000000e+00
0.000000000000000000e+00
0.000000000000000000e+00
0.000000000000000000e+00
0.000000000000000000e+00
0.000000000000000000e+00
