0.000000000000000000e+00
0.000000000000000000e+00
0.000000000000000000e+00
2.468616478706208235e-07
1.974893182964966588e-06
5.677817901024278200e-06
1.728031535094345532e-05
3.776983212420498081e-05
2.619202083907286771e-04
7.689987192817708539e-03
1.011007067155255262e-01
3.898797092562256150e-01
3.916608160456121479e-01
1.018877016489370679e-01
7.273284731212100937e-03
1.826776194242594022e-04
2.468616478706208235e-07
0.000000000000000000e+00
0.000000000000000000e+00
0.000000000000000000e+00
0.000000000000000000e+00
0.000000000000000000e+00
0.000000000000000000e+00
0.000000000000000000e+00
