0.000000000000000000e+00
0.000000000000000000e+00
0.000000000000000000e+00
0.000000000000000000e+00
0.000000000000000000e+00
0.000000000000000000e+00
1.974893182964966588e-06
1.184935909778979783e-05
2.419244149132083880e-04
7.261929095410051688e-03
1.005620545998718307e-01
3.915539249520841314e-01
3.929032707193449436e-01
1.001228877283099894e-01
7.219962615272046760e-03
1.197278992172510896e-04
4.937232957412416470e-07
0.000000000000000000e+00
0.000000000000000000e+00
0.000000000000000000e+00
0.000000000000000000e+00
0.000000000000000000e+00
0.000000000000000000e+00
0.000000000000000000e+00
