0.000000000000000000e+00
0.000000000000000000e+00
1.728031535094345659e-06
1.234308239353104012e-06
3.456063070188691317e-06
5.430956253153657482e-06
1.012132756269545196e-05
3.110456763169822228e-05
2.767319072629659303e-04
7.574455941614257823e-03
1.016176350061666067e-01
3.888735011795049767e-01
3.921890999720552551e-01
1.020649483121081752e-01
7.167134222627733441e-03
1.831713427200006386e-04
2.468616478706208235e-07
0.000000000000000000e+00
0.000000000000000000e+00
0.000000000000000000e+00
0.000000000000000000e+00
0.000000000000000000e+00
0.000000000000000000e+00
0.000000000000000000e+00
