1.234308239353104012e-06
9.874465914824832940e-07
2.715478126576828741e-06
1.728031535094345659e-06
4.443509661671174611e-06
2.715478126576828741e-06
1.209622074566041940e-05
3.505435399762815376e-05
2.722883976012947490e-04
7.553472701545255359e-03
1.009923344521103244e-01
3.920523386191349102e-01
3.900863324554932898e-01
1.012732630073870932e-01
7.528292813462451709e-03
1.774935248189763663e-04
2.221754830835587306e-06
0.000000000000000000e+00
0.000000000000000000e+00
0.000000000000000000e+00
0.000000000000000000e+00
0.000000000000000000e+00
0.000000000000000000e+00
0.000000000000000000e+00
