0.000000000000000000e+00
0.000000000000000000e+00
0.000000000000000000e+00
9.874465914824832940e-07
1.728031535094345659e-06
8.146434379730486223e-06
2.271127160409711280e-05
5.430956253153657482e-05
3.344975328646911800e-04
7.804037274133934950e-03
1.020592704942071410e-01
3.883501544860192278e-01
3.912167119410928651e-01
1.025828640493407357e-01
7.375485453430537242e-03
1.881085756774130563e-04
9.874465914824832940e-07
0.000000000000000000e+00
0.000000000000000000e+00
0.000000000000000000e+00
0.000000000000000000e+00
0.000000000000000000e+00
0.000000000000000000e+00
0.000000000000000000e+00
