7.405849436118623647e-07
1.234308239353104012e-06
3.456063070188691317e-06
4.690371309541795329e-06
5.677817901024278200e-06
9.380742619083590658e-06
2.814222785725077028e-05
7.998317391008114301e-05
4.004095928461469107e-04
7.832920086934798062e-03
1.014507565322060600e-01
3.886802085092222470e-01
3.912875612340317444e-01
1.027317216230067137e-01
7.299945789182128025e-03
1.769998015232351028e-04
1.481169887223724729e-06
0.000000000000000000e+00
0.000000000000000000e+00
0.000000000000000000e+00
0.000000000000000000e+00
0.000000000000000000e+00
0.000000000000000000e+00
0.000000000000000000e+00
