0.000000000000000000e+00
0.000000000000000000e+00
0.000000000000000000e+00
0.000000000000000000e+00
0.000000000000000000e+00
0.000000000000000000e+00
0.000000000000000000e+00
1.481169887223724814e-05
2.515520191801626053e-04
7.512740529646603008e-03
1.010804640604001381e-01
3.914670296520336712e-01
3.910024360307411961e-01
1.013831164406895080e-01
7.137757686531129471e-03
1.493512969617255960e-04
7.405849436118623647e-07
0.000000000000000000e+00
0.000000000000000000e+00
0.000000000000000000e+00
0.000000000000000000e+00
0.000000000000000000e+00
0.000000000000000000e+00
0.000000000000000000e+00
