0.000000000000000000e+00
0.000000000000000000e+00
0.000000000000000000e+00
0.000000000000000000e+00
0.000000000000000000e+00
0.000000000000000000e+00
8.146434379730486223e-06
3.900414036355808524e-05
3.147486010350415090e-04
7.828229715625256019e-03
1.019565760486929595e-01
3.879193809104850010e-01
3.920933176526814612e-01
1.023263747972031623e-01
7.304389298843799207e-03
2.088449540985452000e-04
9.874465914824832940e-07
0.000000000000000000e+00
0.000000000000000000e+00
0.000000000000000000e+00
0.000000000000000000e+00
0.000000000000000000e+00
0.000000000000000000e+00
0.000000000000000000e+00
