0.000000000000000000e+00
0.000000000000000000e+00
0.000000000000000000e+00
0.000000000000000000e+00
0.000000000000000000e+00
1.728031535094345659e-06
2.962339774447449459e-06
1.086191250630731496e-05
2.261252694494886621e-04
7.045184568579647248e-03
1.003490129977594875e-01
3.922945098956960308e-01
3.922658739445430420e-01
1.006410503271904233e-01
7.017289202370266717e-03
1.454015105957956510e-04
0.000000000000000000e+00
0.000000000000000000e+00
0.000000000000000000e+00
0.000000000000000000e+00
0.000000000000000000e+00
0.000000000000000000e+00
0.000000000000000000e+00
0.000000000000000000e+00
