0.000000000000000000e+00
0.000000000000000000e+00
0.000000000000000000e+00
1.234308239353104012e-06
2.962339774447449459e-06
5.430956253153657482e-06
1.333052898501352383e-05
3.431376905401629246e-05
2.567361137854456141e-04
7.144916674319377534e-03
1.012034011610397077e-01
3.912831177243700775e-01
3.908972729687483216e-01
1.016902123306405725e-01
7.303648713900186620e-03
1.626818259467391131e-04
7.405849436118623647e-07
0.000000000000000000e+00
0.000000000000000000e+00
0.000000000000000000e+00
0.000000000000000000e+00
0.000000000000000000e+00
0.000000000000000000e+00
0.000000000000000000e+00
