0.000000000000000000e+00
0.000000000000000000e+00
1.481169887223724729e-06
3.702924718059312035e-06
7.899572731859866352e-06
6.171541196765519635e-06
1.653973040733159401e-05
5.035977616560664334e-05
2.888281280086263565e-04
7.771451536615013242e-03
1.008669287349920479e-01
3.907158296575634071e-01
3.904773613057203607e-01
1.022989731542895131e-01
7.342405992615874677e-03
1.520667750883024230e-04
0.000000000000000000e+00
0.000000000000000000e+00
0.000000000000000000e+00
0.000000000000000000e+00
0.000000000000000000e+00
0.000000000000000000e+00
0.000000000000000000e+00
0.000000000000000000e+00
