0.000000000000000000e+00
0.000000000000000000e+00
0.000000000000000000e+00
1.728031535094345659e-06
3.949786365929933176e-06
5.430956253153657482e-06
8.887019323342349223e-06
1.876148523816718132e-05
2.406901066738552700e-04
7.322903922434095651e-03
1.013396687906642918e-01
3.901004035694219385e-01
3.929805384151284775e-01
1.006679582468083256e-01
7.162690712966062259e-03
1.454015105957956510e-04
9.874465914824832940e-07
0.000000000000000000e+00
0.000000000000000000e+00
0.000000000000000000e+00
0.000000000000000000e+00
0.000000000000000000e+00
0.000000000000000000e+00
0.000000000000000000e+00
