0.000000000000000000e+00
0.000000000000000000e+00
0.000000000000000000e+00
1.234308239353104012e-06
1.234308239353104012e-06
4.196648013800553894e-06
7.405849436118624070e-06
2.616733467428580454e-05
2.794473853895427574e-04
7.455221765692748512e-03
1.007333765834940442e-01
3.911150049421701635e-01
3.917269749672414592e-01
1.011908112169982998e-01
7.304389298843799207e-03
1.545353915670086319e-04
0.000000000000000000e+00
0.000000000000000000e+00
0.000000000000000000e+00
0.000000000000000000e+00
0.000000000000000000e+00
0.000000000000000000e+00
0.000000000000000000e+00
0.000000000000000000e+00
