0.000000000000000000e+00
1.234308239353104012e-06
2.715478126576828741e-06
5.924679548894898917e-06
9.133880971212969094e-06
1.258994404140166083e-05
1.999579347752028575e-05
5.356897758792471351e-05
3.836230007909447121e-04
7.763058240587412603e-03
1.011466229820294632e-01
3.899456213162070806e-01
3.909199842403524028e-01
1.027722069332575039e-01
6.839055092607678604e-03
1.231839622874397711e-04
1.481169887223724729e-06
0.000000000000000000e+00
0.000000000000000000e+00
0.000000000000000000e+00
0.000000000000000000e+00
0.000000000000000000e+00
0.000000000000000000e+00
0.000000000000000000e+00
