0.000000000000000000e+00
0.000000000000000000e+00
1.234308239353104012e-06
1.974893182964966588e-06
1.234308239353104012e-06
1.728031535094345659e-06
6.171541196765519635e-06
1.160249744991917796e-05
1.836650660157418749e-04
7.147385290798083553e-03
1.010705895944853105e-01
3.911414191384923744e-01
3.924549699668118952e-01
1.008197781602487575e-01
6.999021440427841134e-03
1.550291148627498683e-04
4.196648013800553894e-06
0.000000000000000000e+00
0.000000000000000000e+00
0.000000000000000000e+00
0.000000000000000000e+00
0.000000000000000000e+00
0.000000000000000000e+00
0.000000000000000000e+00
