0.000000000000000000e+00
0.000000000000000000e+00
0.000000000000000000e+00
0.000000000000000000e+00
0.000000000000000000e+00
5.924679548894898917e-06
1.728031535094345532e-05
2.912967444873325315e-05
2.357528737164428523e-04
7.191326664119054510e-03
1.009999871631943047e-01
3.913149628769453936e-01
3.916294646163325788e-01
1.010631837450491899e-01
7.344134024150968977e-03
1.663847506647984128e-04
2.468616478706208023e-06
0.000000000000000000e+00
0.000000000000000000e+00
0.000000000000000000e+00
0.000000000000000000e+00
0.000000000000000000e+00
0.000000000000000000e+00
0.000000000000000000e+00
