0.000000000000000000e+00
0.000000000000000000e+00
0.000000000000000000e+00
0.000000000000000000e+00
4.937232957412416470e-07
3.949786365929933176e-06
7.158987788248003352e-06
3.011712104021573602e-05
3.359787027519148890e-04
7.676903525480565857e-03
1.015107439126386318e-01
3.897851612450911607e-01
3.906114071805141252e-01
1.025813828794535087e-01
7.269581806494041475e-03
1.861336824944480838e-04
9.874465914824832940e-07
0.000000000000000000e+00
0.000000000000000000e+00
0.000000000000000000e+00
0.000000000000000000e+00
0.000000000000000000e+00
0.000000000000000000e+00
0.000000000000000000e+00
