0.000000000000000000e+00
0.000000000000000000e+00
0.000000000000000000e+00
0.000000000000000000e+00
1.728031535094345659e-06
5.184094605283036764e-06
7.405849436118624070e-06
2.345185654770897410e-05
2.527863274195157233e-04
7.172318317233016341e-03
1.012831374733019069e-01
3.908599968599198449e-01
3.914430840721902505e-01
1.013574428293109730e-01
7.420661134990860774e-03
1.683596438477633853e-04
4.443509661671174611e-06
0.000000000000000000e+00
0.000000000000000000e+00
0.000000000000000000e+00
0.000000000000000000e+00
0.000000000000000000e+00
0.000000000000000000e+00
0.000000000000000000e+00
