0.000000000000000000e+00
0.000000000000000000e+00
0.000000000000000000e+00
2.468616478706208235e-07
2.715478126576828741e-06
6.912126140377382635e-06
1.160249744991917796e-05
4.344765002522925986e-05
2.703135044183297493e-04
7.502619202083907202e-03
1.013379407591291914e-01
3.904743989659459347e-01
3.921858907706329278e-01
1.011135435212147937e-01
6.927431562545360508e-03
1.229371006395691530e-04
0.000000000000000000e+00
0.000000000000000000e+00
0.000000000000000000e+00
0.000000000000000000e+00
0.000000000000000000e+00
0.000000000000000000e+00
0.000000000000000000e+00
0.000000000000000000e+00
