0.000000000000000000e+00
1.234308239353104012e-06
2.221754830835587306e-06
9.874465914824832940e-07
3.949786365929933176e-06
1.160249744991917796e-05
2.987025939234511785e-05
7.726769578350431596e-05
4.115183670003248642e-04
8.055589293314097121e-03
1.019225091412868239e-01
3.883491670394277340e-01
3.902512360362708765e-01
1.033478882960917888e-01
7.372769975303960360e-03
1.533010833276555139e-04
3.702924718059312035e-06
0.000000000000000000e+00
0.000000000000000000e+00
0.000000000000000000e+00
0.000000000000000000e+00
0.000000000000000000e+00
0.000000000000000000e+00
0.000000000000000000e+00
