1.234308239353104012e-06
4.937232957412416470e-07
2.468616478706208023e-06
3.209201422318070176e-06
3.702924718059312035e-06
5.924679548894898917e-06
2.394557984345021723e-05
5.430956253153657482e-05
3.979409763674407290e-04
7.787250682078732805e-03
1.010478783228812155e-01
3.896158141546519071e-01
3.915223266611567166e-01
1.018259862369694096e-01
7.470280326212856356e-03
2.298281941675479618e-04
3.456063070188691317e-06
0.000000000000000000e+00
0.000000000000000000e+00
0.000000000000000000e+00
0.000000000000000000e+00
0.000000000000000000e+00
0.000000000000000000e+00
0.000000000000000000e+00
