0.000000000000000000e+00
2.468616478706208235e-07
3.702924718059312035e-06
5.430956253153657482e-06
9.133880971212969094e-06
1.184935909778979783e-05
3.480749234975753559e-05
1.101002949502968723e-04
4.766898420381687675e-04
7.956350910870107693e-03
1.008595228855559273e-01
3.898621820792267934e-01
3.903546710667286646e-01
1.025060900768529626e-01
7.595192320035390292e-03
2.113135705772514088e-04
2.715478126576828741e-06
0.000000000000000000e+00
0.000000000000000000e+00
0.000000000000000000e+00
0.000000000000000000e+00
0.000000000000000000e+00
0.000000000000000000e+00
0.000000000000000000e+00
