0.000000000000000000e+00
0.000000000000000000e+00
1.481169887223724729e-06
1.728031535094345659e-06
2.221754830835587306e-06
1.234308239353104012e-06
3.456063070188691317e-06
5.677817901024278200e-06
2.036608594932621640e-04
7.298217757647032858e-03
1.011024347470606127e-01
3.916015692501231826e-01
3.909856494386859671e-01
1.013650955403949533e-01
7.268347498254688031e-03
1.562634231021029592e-04
2.962339774447449459e-06
0.000000000000000000e+00
0.000000000000000000e+00
0.000000000000000000e+00
0.000000000000000000e+00
0.000000000000000000e+00
0.000000000000000000e+00
0.000000000000000000e+00
