9.874465914824832940e-07
1.728031535094345659e-06
1.481169887223724729e-06
9.874465914824832940e-07
3.456063070188691317e-06
8.887019323342349223e-06
3.480749234975753559e-05
8.023003555795176118e-05
4.399074565054462527e-04
8.067685514059758090e-03
1.017279821627647685e-01
3.880307155136746289e-01
3.919054559386518921e-01
1.020846972439378164e-01
7.409058637540942398e-03
1.952675634656610376e-04
1.974893182964966588e-06
0.000000000000000000e+00
0.000000000000000000e+00
0.000000000000000000e+00
0.000000000000000000e+00
0.000000000000000000e+00
0.000000000000000000e+00
0.000000000000000000e+00
