0.000000000000000000e+00
0.000000000000000000e+00
0.000000000000000000e+00
0.000000000000000000e+00
0.000000000000000000e+00
1.974893182964966588e-06
3.949786365929933176e-06
1.505856052010786801e-05
2.266189927452298984e-04
7.378941516500725842e-03
1.007834894980117746e-01
3.914245694485999350e-01
3.914201259389382681e-01
1.012404304082202972e-01
7.345368332390321553e-03
1.567571463978441955e-04
2.715478126576828741e-06
0.000000000000000000e+00
0.000000000000000000e+00
0.000000000000000000e+00
0.000000000000000000e+00
0.000000000000000000e+00
0.000000000000000000e+00
0.000000000000000000e+00
