0.000000000000000000e+00
0.000000000000000000e+00
7.405849436118623647e-07
1.728031535094345659e-06
1.974893182964966588e-06
3.456063070188691317e-06
7.158987788248003352e-06
1.653973040733159401e-05
2.332842572377366434e-04
7.223665539990105355e-03
1.005884687961939861e-01
3.918111547891653390e-01
3.917284561371286999e-01
1.012480831193042913e-01
6.980259955189673828e-03
1.545353915670086319e-04
4.937232957412416470e-07
0.000000000000000000e+00
0.000000000000000000e+00
0.000000000000000000e+00
0.000000000000000000e+00
0.000000000000000000e+00
0.000000000000000000e+00
0.000000000000000000e+00
