0.000000000000000000e+00
0.000000000000000000e+00
0.000000000000000000e+00
4.937232957412416470e-07
2.468616478706208023e-06
5.677817901024278200e-06
9.874465914824832093e-06
3.110456763169822228e-05
2.700666427704591583e-04
7.579393174571670729e-03
1.010031963646166320e-01
3.909229465801268288e-01
3.916287240313889306e-01
1.009079077685385711e-01
7.434238525623745181e-03
2.036608594932621640e-04
2.468616478706208235e-07
0.000000000000000000e+00
0.000000000000000000e+00
0.000000000000000000e+00
0.000000000000000000e+00
0.000000000000000000e+00
0.000000000000000000e+00
0.000000000000000000e+00
