0.000000000000000000e+00
0.000000000000000000e+00
0.000000000000000000e+00
0.000000000000000000e+00
0.000000000000000000e+00
0.000000000000000000e+00
1.728031535094345659e-06
6.665264492506761917e-06
1.683596438477633853e-04
7.262175957057922550e-03
1.003951761259112840e-01
3.920037068745044206e-01
3.916618034922036418e-01
1.009397529211138733e-01
7.386594227584715629e-03
1.740374617487876576e-04
0.000000000000000000e+00
0.000000000000000000e+00
0.000000000000000000e+00
0.000000000000000000e+00
0.000000000000000000e+00
0.000000000000000000e+00
0.000000000000000000e+00
0.000000000000000000e+00
