0.000000000000000000e+00
0.000000000000000000e+00
7.405849436118623647e-07
2.468616478706208023e-06
4.196648013800553894e-06
5.677817901024278200e-06
1.110877415417793653e-05
2.394557984345021723e-05
2.379746285472784429e-04
7.442631821651346687e-03
1.002228666956975905e-01
3.922426689496431584e-01
3.913302682991133818e-01
1.013221416136654701e-01
6.972854105753554903e-03
1.792215563540706935e-04
1.234308239353104012e-06
0.000000000000000000e+00
0.000000000000000000e+00
0.000000000000000000e+00
0.000000000000000000e+00
0.000000000000000000e+00
0.000000000000000000e+00
0.000000000000000000e+00
