1.974893182964966588e-06
2.468616478706208235e-07
2.468616478706208023e-06
3.456063070188691317e-06
2.962339774447449459e-06
4.690371309541795329e-06
9.627604266954210529e-06
4.048531025078180786e-05
3.066021666553110279e-04
7.749480849954528197e-03
1.012646228497116191e-01
3.905487043219549870e-01
3.905242650188158193e-01
1.023184752244712947e-01
7.053824726255118749e-03
1.629286875946097312e-04
1.974893182964966588e-06
0.000000000000000000e+00
0.000000000000000000e+00
0.000000000000000000e+00
0.000000000000000000e+00
0.000000000000000000e+00
0.000000000000000000e+00
0.000000000000000000e+00
