0.000000000000000000e+00
9.874465914824832940e-07
1.728031535094345659e-06
1.481169887223724729e-06
1.481169887223724729e-06
1.974893182964966588e-06
2.221754830835587306e-06
1.110877415417793653e-05
2.281001626324536075e-04
7.151828800459754734e-03
1.013362127275940910e-01
3.906272063259778604e-01
3.922451375661218931e-01
1.010493594927684285e-01
7.175527518655334946e-03
1.616943793552566132e-04
3.949786365929933176e-06
0.000000000000000000e+00
0.000000000000000000e+00
0.000000000000000000e+00
0.000000000000000000e+00
0.000000000000000000e+00
0.000000000000000000e+00
0.000000000000000000e+00
