1.728031535094345659e-06
2.468616478706208235e-07
1.728031535094345659e-06
2.962339774447449459e-06
1.974893182964966588e-06
7.158987788248003352e-06
1.579914546371973270e-05
3.332632246253380620e-05
3.344975328646911800e-04
8.071882162073558409e-03
1.021079022388376584e-01
3.888226476800435982e-01
3.900315291696660469e-01
1.029008218517980938e-01
7.456456073932101088e-03
2.021796896060384279e-04
3.702924718059312035e-06
0.000000000000000000e+00
0.000000000000000000e+00
0.000000000000000000e+00
0.000000000000000000e+00
0.000000000000000000e+00
0.000000000000000000e+00
0.000000000000000000e+00
