0.000000000000000000e+00
2.468616478706208235e-07
7.405849436118623647e-07
4.937232957412416470e-07
1.234308239353104012e-06
4.937232957412416470e-07
2.221754830835587306e-06
1.160249744991917796e-05
2.081043691549333454e-04
7.222184370102881917e-03
1.013112797011591626e-01
3.902774033709451862e-01
3.925811162688738198e-01
1.011416857490720494e-01
7.076535997859215513e-03
1.634224108903509676e-04
1.234308239353104012e-06
0.000000000000000000e+00
0.000000000000000000e+00
0.000000000000000000e+00
0.000000000000000000e+00
0.000000000000000000e+00
0.000000000000000000e+00
0.000000000000000000e+00
