0.000000000000000000e+00
0.000000000000000000e+00
0.000000000000000000e+00
0.000000000000000000e+00
1.728031535094345659e-06
5.430956253153657482e-06
2.024265512539090393e-05
5.603759406663092238e-05
2.787068004459308758e-04
7.422636028173825937e-03
1.018062373051397546e-01
3.903840476028253015e-01
3.902040854615275722e-01
1.025781736780311953e-01
7.070117595014580036e-03
1.720625685658226851e-04
4.937232957412416470e-07
0.000000000000000000e+00
0.000000000000000000e+00
0.000000000000000000e+00
0.000000000000000000e+00
0.000000000000000000e+00
0.000000000000000000e+00
0.000000000000000000e+00
