0.000000000000000000e+00
0.000000000000000000e+00
1.234308239353104012e-06
2.715478126576828741e-06
2.715478126576828741e-06
5.430956253153657482e-06
6.665264492506761917e-06
2.912967444873325315e-05
2.527863274195157233e-04
7.499410000661589464e-03
1.003993727739250913e-01
3.908888796727206794e-01
3.925361874489613490e-01
1.013636143705077403e-01
6.872628276718082893e-03
1.392299693990301423e-04
0.000000000000000000e+00
0.000000000000000000e+00
0.000000000000000000e+00
0.000000000000000000e+00
0.000000000000000000e+00
0.000000000000000000e+00
0.000000000000000000e+00
0.000000000000000000e+00
