0.000000000000000000e+00
7.405849436118623647e-07
1.234308239353104012e-06
1.481169887223724729e-06
3.209201422318070176e-06
2.962339774447449459e-06
1.184935909778979783e-05
2.789536620938014872e-05
2.248909612101355441e-04
7.319941582659647908e-03
1.006990628144400213e-01
3.911426534467317140e-01
3.914169167375159408e-01
1.017203294516807882e-01
7.253288937734580187e-03
1.725562918615639485e-04
9.874465914824832940e-07
0.000000000000000000e+00
0.000000000000000000e+00
0.000000000000000000e+00
0.000000000000000000e+00
0.000000000000000000e+00
0.000000000000000000e+00
0.000000000000000000e+00
