4.937232957412416470e-07
1.234308239353104012e-06
9.874465914824832940e-07
4.690371309541795329e-06
1.086191250630731496e-05
1.209622074566041940e-05
2.320499489983835593e-05
4.097903354652305099e-05
2.559955288418337867e-04
7.725782131758948852e-03
1.017225512065116216e-01
3.898172532593143225e-01
3.907681643269119709e-01
1.022328142326601880e-01
7.227368464708164818e-03
1.547822532148792501e-04
7.405849436118623647e-07
0.000000000000000000e+00
0.000000000000000000e+00
0.000000000000000000e+00
0.000000000000000000e+00
0.000000000000000000e+00
0.000000000000000000e+00
0.000000000000000000e+00
