1.481169887223724729e-06
7.405849436118623647e-07
2.468616478706208023e-06
1.234308239353104012e-06
1.234308239353104012e-06
2.715478126576828741e-06
6.418402844636140353e-06
1.184935909778979783e-05
1.881085756774130563e-04
7.023954466862773922e-03
1.008940835162578098e-01
3.916400796671909990e-01
3.924367022048694809e-01
1.005985901237566871e-01
7.049381216593447567e-03
1.367613529203239335e-04
7.405849436118623647e-07
0.000000000000000000e+00
0.000000000000000000e+00
0.000000000000000000e+00
0.000000000000000000e+00
0.000000000000000000e+00
0.000000000000000000e+00
0.000000000000000000e+00
