0.000000000000000000e+00
1.234308239353104012e-06
4.937232957412416047e-06
4.690371309541795329e-06
5.677817901024278200e-06
8.887019323342349223e-06
1.851462359029655975e-05
3.851041706781684212e-05
3.024055186415104918e-04
7.576430834797222985e-03
1.004961425398903790e-01
3.909851557153902202e-01
3.910216912392751043e-01
1.018477100619820247e-01
7.505087818562613221e-03
1.811964495370356660e-04
1.728031535094345659e-06
0.000000000000000000e+00
0.000000000000000000e+00
0.000000000000000000e+00
0.000000000000000000e+00
0.000000000000000000e+00
0.000000000000000000e+00
0.000000000000000000e+00
