1.481169887223724729e-06
1.481169887223724729e-06
1.481169887223724729e-06
2.221754830835587306e-06
2.221754830835587306e-06
4.443509661671174611e-06
1.061505085843669509e-05
2.394557984345021723e-05
2.300750558154185800e-04
7.461393306889513993e-03
9.988318506822761733e-02
3.925354468640177563e-01
3.915524437821969461e-01
1.010007277481379251e-01
7.120724232828057332e-03
1.624349642988684949e-04
3.209201422318070176e-06
2.468616478706208235e-07
0.000000000000000000e+00
0.000000000000000000e+00
0.000000000000000000e+00
0.000000000000000000e+00
0.000000000000000000e+00
0.000000000000000000e+00
