0.000000000000000000e+00
0.000000000000000000e+00
0.000000000000000000e+00
0.000000000000000000e+00
0.000000000000000000e+00
0.000000000000000000e+00
5.430956253153657482e-06
1.925520853390842106e-05
2.468616478706207786e-04
7.376719761669890685e-03
1.016319529817431011e-01
3.903169012346044964e-01
3.917299373070158852e-01
1.013924971833086025e-01
7.164171882853286565e-03
1.162718361470623944e-04
0.000000000000000000e+00
0.000000000000000000e+00
0.000000000000000000e+00
0.000000000000000000e+00
0.000000000000000000e+00
0.000000000000000000e+00
0.000000000000000000e+00
0.000000000000000000e+00
