1.974893182964966588e-06
9.874465914824832940e-07
1.728031535094345659e-06
1.974893182964966588e-06
4.937232957412416470e-07
5.677817901024278200e-06
7.405849436118624070e-06
3.604180058911063324e-05
2.700666427704591583e-04
7.506815850097707521e-03
1.019099191972454160e-01
3.894089440937363311e-01
3.914586363560060844e-01
1.018037686886610477e-01
7.400418479865470030e-03
1.784809714104588390e-04
5.677817901024278200e-06
0.000000000000000000e+00
0.000000000000000000e+00
0.000000000000000000e+00
0.000000000000000000e+00
0.000000000000000000e+00
0.000000000000000000e+00
0.000000000000000000e+00
