9.874465914824832940e-07
1.481169887223724729e-06
1.728031535094345659e-06
9.874465914824832940e-07
4.690371309541795329e-06
9.380742619083590658e-06
2.419244149132083880e-05
5.776562560172526995e-05
2.685854728832354492e-04
7.463861923368220012e-03
1.009064265986513442e-01
3.901184244697165071e-01
3.923675809434657435e-01
1.014598904131772811e-01
7.150100768924660434e-03
1.545353915670086319e-04
3.949786365929933176e-06
0.000000000000000000e+00
0.000000000000000000e+00
0.000000000000000000e+00
0.000000000000000000e+00
0.000000000000000000e+00
0.000000000000000000e+00
0.000000000000000000e+00
