0.000000000000000000e+00
0.000000000000000000e+00
2.221754830835587306e-06
3.702924718059312035e-06
8.887019323342349223e-06
1.184935909778979783e-05
1.802090029455531662e-05
3.801669377207560576e-05
2.996900405149336647e-04
7.376226038374149828e-03
1.015983797976326986e-01
3.898639101107618798e-01
3.914119795045585271e-01
1.017595804536922111e-01
7.434979110567356900e-03
1.720625685658226851e-04
4.937232957412416470e-07
0.000000000000000000e+00
0.000000000000000000e+00
0.000000000000000000e+00
0.000000000000000000e+00
0.000000000000000000e+00
0.000000000000000000e+00
0.000000000000000000e+00
