0.000000000000000000e+00
0.000000000000000000e+00
0.000000000000000000e+00
1.728031535094345659e-06
2.221754830835587306e-06
3.209201422318070176e-06
9.133880971212969094e-06
3.875727871568746707e-05
3.043804118244754372e-04
7.671472569227412094e-03
1.006294478297405093e-01
3.901149684066462786e-01
3.928484674335177007e-01
1.012920244926252544e-01
6.961745331599377383e-03
1.224433773438279166e-04
0.000000000000000000e+00
0.000000000000000000e+00
0.000000000000000000e+00
0.000000000000000000e+00
0.000000000000000000e+00
0.000000000000000000e+00
0.000000000000000000e+00
0.000000000000000000e+00
