2.221754830835587306e-06
1.234308239353104012e-06
2.962339774447449459e-06
4.690371309541795329e-06
4.196648013800553894e-06
1.160249744991917796e-05
2.147696336474400836e-05
6.541833668571450796e-05
3.142548777393002726e-04
7.681593896790107033e-03
1.026255711144223454e-01
3.883768155439892844e-01
3.903835538795295546e-01
1.029852485353698471e-01
7.339690514489297796e-03
1.735437384530464212e-04
3.456063070188691317e-06
0.000000000000000000e+00
0.000000000000000000e+00
0.000000000000000000e+00
0.000000000000000000e+00
0.000000000000000000e+00
0.000000000000000000e+00
0.000000000000000000e+00
