0.000000000000000000e+00
0.000000000000000000e+00
0.000000000000000000e+00
4.937232957412416470e-07
2.962339774447449459e-06
7.652711083989244788e-06
1.036818921056607353e-05
3.307946081466318802e-05
2.498239876450682509e-04
7.570999878544069223e-03
1.020498897515880604e-01
3.885738111389900329e-01
3.915842889347722622e-01
1.021404879763565809e-01
7.605066785950215236e-03
1.681127821998927672e-04
2.962339774447449459e-06
0.000000000000000000e+00
0.000000000000000000e+00
0.000000000000000000e+00
0.000000000000000000e+00
0.000000000000000000e+00
0.000000000000000000e+00
0.000000000000000000e+00
