9.874465914824832940e-07
1.481169887223724729e-06
1.234308239353104012e-06
1.728031535094345659e-06
1.974893182964966588e-06
3.209201422318070176e-06
7.899572731859866352e-06
2.468616478706207854e-05
2.710540893619416310e-04
7.569271847008974922e-03
1.011355142078752822e-01
3.905538884165602465e-01
3.912848457559051640e-01
1.016257814405463339e-01
7.329816048574472852e-03
1.858868208465774656e-04
7.405849436118623647e-07
0.000000000000000000e+00
0.000000000000000000e+00
0.000000000000000000e+00
0.000000000000000000e+00
0.000000000000000000e+00
0.000000000000000000e+00
0.000000000000000000e+00
