0.000000000000000000e+00
0.000000000000000000e+00
0.000000000000000000e+00
0.000000000000000000e+00
2.468616478706208235e-07
3.702924718059312035e-06
5.924679548894898917e-06
1.777403864668469845e-05
2.330373955898660252e-04
7.400171618217600035e-03
1.009952967918847644e-01
3.913939586042640140e-01
3.905773402731079758e-01
1.018378355960671972e-01
7.357711414783852516e-03
1.755186316360113938e-04
1.481169887223724729e-06
0.000000000000000000e+00
0.000000000000000000e+00
0.000000000000000000e+00
0.000000000000000000e+00
0.000000000000000000e+00
0.000000000000000000e+00
0.000000000000000000e+00
