0.000000000000000000e+00
0.000000000000000000e+00
0.000000000000000000e+00
0.000000000000000000e+00
9.874465914824832940e-07
7.899572731859866352e-06
3.357318411040443115e-05
8.442668357175231084e-05
4.092966121694892735e-04
7.824526790907197424e-03
1.019731157791003012e-01
3.887710535956386271e-01
3.910648920276524332e-01
1.024335127523790107e-01
7.212803627483798698e-03
1.839119276636124931e-04
0.000000000000000000e+00
0.000000000000000000e+00
0.000000000000000000e+00
0.000000000000000000e+00
0.000000000000000000e+00
0.000000000000000000e+00
0.000000000000000000e+00
0.000000000000000000e+00
