1.234308239353104012e-06
1.728031535094345659e-06
1.234308239353104012e-06
1.728031535094345659e-06
2.221754830835587306e-06
3.949786365929933176e-06
9.380742619083590658e-06
2.616733467428580454e-05
2.579704220247987321e-04
7.646539542792479306e-03
1.013823758557459015e-01
3.908659215394687525e-01
3.904057714278378888e-01
1.019555886021014796e-01
7.260941648818569107e-03
1.752717699881407756e-04
9.874465914824832940e-07
0.000000000000000000e+00
0.000000000000000000e+00
0.000000000000000000e+00
0.000000000000000000e+00
0.000000000000000000e+00
0.000000000000000000e+00
0.000000000000000000e+00
