0.000000000000000000e+00
0.000000000000000000e+00
0.000000000000000000e+00
0.000000000000000000e+00
0.000000000000000000e+00
0.000000000000000000e+00
1.061505085843669509e-05
4.640998979967671186e-05
2.851252032905670026e-04
7.924999481590540296e-03
1.021792452550722707e-01
3.880581171565882781e-01
3.919723554452248515e-01
1.022133121624784063e-01
7.149607045628919577e-03
1.599663478201622860e-04
2.468616478706208235e-07
0.000000000000000000e+00
0.000000000000000000e+00
0.000000000000000000e+00
0.000000000000000000e+00
0.000000000000000000e+00
0.000000000000000000e+00
0.000000000000000000e+00
