0.000000000000000000e+00
0.000000000000000000e+00
0.000000000000000000e+00
0.000000000000000000e+00
0.000000000000000000e+00
0.000000000000000000e+00
3.209201422318070176e-06
1.308366733714290227e-05
2.088449540985452000e-04
7.274025316155712656e-03
1.013979281395617493e-01
3.897468976896711901e-01
3.928383461059549719e-01
1.011910580786461733e-01
7.174293210415981503e-03
1.515730517925611596e-04
7.405849436118623647e-07
0.000000000000000000e+00
0.000000000000000000e+00
0.000000000000000000e+00
0.000000000000000000e+00
0.000000000000000000e+00
0.000000000000000000e+00
0.000000000000000000e+00
