0.000000000000000000e+00
0.000000000000000000e+00
0.000000000000000000e+00
0.000000000000000000e+00
0.000000000000000000e+00
1.728031535094345659e-06
8.640157675471727658e-06
1.604600711159035088e-05
2.364934586600547339e-04
7.424610921356791099e-03
1.008496484196410997e-01
3.915665148961255393e-01
3.913221218647336408e-01
1.008242216699104243e-01
7.573468495022775242e-03
1.757654932838820119e-04
7.405849436118623647e-07
0.000000000000000000e+00
0.000000000000000000e+00
0.000000000000000000e+00
0.000000000000000000e+00
0.000000000000000000e+00
0.000000000000000000e+00
0.000000000000000000e+00
