0.000000000000000000e+00
0.000000000000000000e+00
0.000000000000000000e+00
0.000000000000000000e+00
0.000000000000000000e+00
0.000000000000000000e+00
9.874465914824832940e-07
6.171541196765519635e-06
1.846525126072243476e-04
7.262422818705793412e-03
1.019765718421704881e-01
3.904914324196490094e-01
3.912774399064690711e-01
1.012925182159210014e-01
7.375732315078408104e-03
1.318241199629115157e-04
2.468616478706208235e-07
0.000000000000000000e+00
0.000000000000000000e+00
0.000000000000000000e+00
0.000000000000000000e+00
0.000000000000000000e+00
0.000000000000000000e+00
0.000000000000000000e+00
