0.000000000000000000e+00
0.000000000000000000e+00
2.468616478706208235e-07
2.221754830835587306e-06
3.702924718059312035e-06
8.640157675471727658e-06
1.086191250630731496e-05
3.135142927956884046e-05
2.653762714609173316e-04
7.754171221264070241e-03
1.016916935005277856e-01
3.892341660470439169e-01
3.918434936650364020e-01
1.017855009267186195e-01
7.194782727189243110e-03
1.718157069179520669e-04
1.974893182964966588e-06
0.000000000000000000e+00
0.000000000000000000e+00
0.000000000000000000e+00
0.000000000000000000e+00
0.000000000000000000e+00
0.000000000000000000e+00
0.000000000000000000e+00
