0.000000000000000000e+00
0.000000000000000000e+00
0.000000000000000000e+00
0.000000000000000000e+00
0.000000000000000000e+00
0.000000000000000000e+00
4.937232957412416470e-07
2.542674973067394323e-05
3.142548777393002726e-04
7.395728108555928854e-03
1.015820869288732303e-01
3.904771144440725150e-01
3.904585998204821995e-01
1.023263747972031623e-01
7.269828668141911469e-03
1.498450202574668324e-04
2.468616478706208235e-07
0.000000000000000000e+00
0.000000000000000000e+00
0.000000000000000000e+00
0.000000000000000000e+00
0.000000000000000000e+00
0.000000000000000000e+00
0.000000000000000000e+00
