0.000000000000000000e+00
4.937232957412416470e-07
2.715478126576828741e-06
3.702924718059312035e-06
3.702924718059312035e-06
7.405849436118624070e-06
7.158987788248003352e-06
3.801669377207560576e-05
3.085770598382759733e-04
7.584330407529082767e-03
1.007501631755492455e-01
3.913993895605171192e-01
3.909738000795882074e-01
1.013443591619738321e-01
7.401899649752694335e-03
1.715688452700814487e-04
2.715478126576828741e-06
0.000000000000000000e+00
0.000000000000000000e+00
0.000000000000000000e+00
0.000000000000000000e+00
0.000000000000000000e+00
0.000000000000000000e+00
0.000000000000000000e+00
