9.874465914824832940e-07
1.974893182964966588e-06
1.234308239353104012e-06
3.702924718059312035e-06
4.443509661671174611e-06
6.418402844636140353e-06
2.419244149132083880e-05
5.801248724959588813e-05
3.359787027519148890e-04
7.530020844997546009e-03
1.012456145028255844e-01
3.898231779388632301e-01
3.920042005978001676e-01
1.015312334294118934e-01
7.264891435184499431e-03
1.607069327637741405e-04
1.728031535094345659e-06
0.000000000000000000e+00
0.000000000000000000e+00
0.000000000000000000e+00
0.000000000000000000e+00
0.000000000000000000e+00
0.000000000000000000e+00
0.000000000000000000e+00
