0.000000000000000000e+00
0.000000000000000000e+00
0.000000000000000000e+00
9.874465914824832940e-07
2.221754830835587306e-06
1.728031535094345659e-06
2.715478126576828741e-06
8.146434379730486223e-06
2.389620751387609428e-04
7.280937442296089857e-03
1.011767401030696789e-01
3.919491504503250234e-01
3.907279258783090681e-01
1.014492753623188470e-01
7.039259889030751761e-03
1.209622074566041940e-04
9.874465914824832940e-07
0.000000000000000000e+00
0.000000000000000000e+00
0.000000000000000000e+00
0.000000000000000000e+00
0.000000000000000000e+00
0.000000000000000000e+00
0.000000000000000000e+00
