0.000000000000000000e+00
0.000000000000000000e+00
0.000000000000000000e+00
0.000000000000000000e+00
0.000000000000000000e+00
4.937232957412416470e-07
1.012132756269545196e-05
2.888281280086263497e-05
2.747570140800009307e-04
7.465096231607572588e-03
1.008089162477424500e-01
3.910858752677214834e-01
3.923288236647500260e-01
1.006447532519084836e-01
7.183920814682935585e-03
1.683596438477633853e-04
0.000000000000000000e+00
0.000000000000000000e+00
0.000000000000000000e+00
0.000000000000000000e+00
0.000000000000000000e+00
0.000000000000000000e+00
0.000000000000000000e+00
0.000000000000000000e+00
