0.000000000000000000e+00
0.000000000000000000e+00
0.000000000000000000e+00
0.000000000000000000e+00
2.468616478706208235e-07
3.702924718059312035e-06
1.357739063288414370e-05
3.530121564549877194e-05
3.014180720500280190e-04
7.607288540781050393e-03
1.004813308410181377e-01
3.909624444437861390e-01
3.916304520629240726e-01
1.018067310284355015e-01
7.021485850384067036e-03
1.360207679767120518e-04
0.000000000000000000e+00
0.000000000000000000e+00
0.000000000000000000e+00
0.000000000000000000e+00
0.000000000000000000e+00
0.000000000000000000e+00
0.000000000000000000e+00
0.000000000000000000e+00
