0.000000000000000000e+00
9.874465914824832940e-07
1.974893182964966588e-06
1.481169887223724729e-06
2.715478126576828741e-06
1.086191250630731496e-05
3.036398268808635759e-05
7.257732447396251640e-05
4.088028888737480371e-04
7.807246475556253555e-03
1.015021037549631577e-01
3.893575968709792612e-01
3.905361143779135791e-01
1.025312699649357784e-01
7.530514568293287733e-03
2.011922430145559552e-04
4.196648013800553894e-06
0.000000000000000000e+00
0.000000000000000000e+00
0.000000000000000000e+00
0.000000000000000000e+00
0.000000000000000000e+00
0.000000000000000000e+00
0.000000000000000000e+00
