0.000000000000000000e+00
1.234308239353104012e-06
9.874465914824832940e-07
2.468616478706208023e-06
9.874465914824832940e-07
4.196648013800553894e-06
4.443509661671174611e-06
3.159829092743946541e-05
3.033929652329929645e-04
7.463121338424608293e-03
1.012930119392167344e-01
3.901228679793781740e-01
3.921703384868170938e-01
1.012878278446114610e-01
7.142201196192800652e-03
1.708282603264695942e-04
4.937232957412416470e-07
0.000000000000000000e+00
0.000000000000000000e+00
0.000000000000000000e+00
0.000000000000000000e+00
0.000000000000000000e+00
0.000000000000000000e+00
0.000000000000000000e+00
