0.000000000000000000e+00
9.874465914824832940e-07
2.468616478706208023e-06
3.949786365929933176e-06
8.887019323342349223e-06
1.160249744991917796e-05
1.974893182964966419e-05
5.480328582727781795e-05
3.117862612605940909e-04
7.716648250787735627e-03
1.017780950772825127e-01
3.886597189924489992e-01
3.910318125668377776e-01
1.028665080827440709e-01
7.369807635529513484e-03
1.629286875946097312e-04
2.468616478706208235e-07
0.000000000000000000e+00
0.000000000000000000e+00
0.000000000000000000e+00
0.000000000000000000e+00
0.000000000000000000e+00
0.000000000000000000e+00
0.000000000000000000e+00
