0.000000000000000000e+00
0.000000000000000000e+00
0.000000000000000000e+00
7.405849436118623647e-07
1.728031535094345659e-06
5.184094605283036764e-06
9.874465914824832093e-06
2.740164291363890897e-05
2.836440334033432935e-04
7.646045819496737582e-03
1.020328562978849857e-01
3.886128152793535961e-01
3.918200418084886727e-01
1.020047140700277438e-01
7.362154924445523697e-03
1.908240538039898833e-04
1.974893182964966588e-06
0.000000000000000000e+00
0.000000000000000000e+00
0.000000000000000000e+00
0.000000000000000000e+00
0.000000000000000000e+00
0.000000000000000000e+00
0.000000000000000000e+00
