0.000000000000000000e+00
0.000000000000000000e+00
0.000000000000000000e+00
9.874465914824832940e-07
4.443509661671174611e-06
6.171541196765519635e-06
9.380742619083590658e-06
3.776983212420498081e-05
2.473553711663620150e-04
7.384125611106009610e-03
1.014028653725191631e-01
3.901431106345035760e-01
3.916526696112324069e-01
1.017980908707600274e-01
7.134054761813070009e-03
1.772466631711057210e-04
1.728031535094345659e-06
0.000000000000000000e+00
0.000000000000000000e+00
0.000000000000000000e+00
0.000000000000000000e+00
0.000000000000000000e+00
0.000000000000000000e+00
0.000000000000000000e+00
