0.000000000000000000e+00
2.468616478706208235e-07
1.974893182964966588e-06
1.481169887223724729e-06
3.209201422318070176e-06
5.677817901024278200e-06
1.086191250630731496e-05
3.061084433595697915e-05
2.972214240362274287e-04
7.434732248919486905e-03
1.018346263946448838e-01
3.900727550648604436e-01
3.908358044184285229e-01
1.017746390142123120e-01
7.526071058631616552e-03
1.695939520871164762e-04
4.937232957412416470e-07
0.000000000000000000e+00
0.000000000000000000e+00
0.000000000000000000e+00
0.000000000000000000e+00
0.000000000000000000e+00
0.000000000000000000e+00
0.000000000000000000e+00
