1.234308239353104012e-06
1.974893182964966588e-06
2.715478126576828741e-06
3.702924718059312035e-06
4.196648013800553894e-06
8.393296027601107788e-06
9.627604266954210529e-06
2.443930313919146036e-05
2.638951015736936225e-04
7.295502279520456844e-03
1.008674224582877810e-01
3.907338505578579757e-01
3.927250366095823564e-01
1.008597697472038007e-01
7.074314243028380356e-03
1.239245472310516528e-04
0.000000000000000000e+00
0.000000000000000000e+00
0.000000000000000000e+00
0.000000000000000000e+00
0.000000000000000000e+00
0.000000000000000000e+00
0.000000000000000000e+00
0.000000000000000000e+00
