0.000000000000000000e+00
0.000000000000000000e+00
0.000000000000000000e+00
0.000000000000000000e+00
1.974893182964966588e-06
3.456063070188691317e-06
7.899572731859866352e-06
3.209201422318070176e-05
2.982088706277099014e-04
7.717388835731347346e-03
1.003657995898146887e-01
3.909357833858161380e-01
3.916773557760194757e-01
1.015146936990045518e-01
7.316485519589459308e-03
1.288617801884640434e-04
0.000000000000000000e+00
0.000000000000000000e+00
0.000000000000000000e+00
0.000000000000000000e+00
0.000000000000000000e+00
0.000000000000000000e+00
0.000000000000000000e+00
0.000000000000000000e+00
