0.000000000000000000e+00
0.000000000000000000e+00
0.000000000000000000e+00
0.000000000000000000e+00
2.468616478706208235e-07
5.924679548894898917e-06
1.382425228075476527e-05
2.666105797002704767e-05
3.073427515989229095e-04
7.811443123570053874e-03
1.022120778542390529e-01
3.885083928023043143e-01
3.916415608370782397e-01
1.020884001686558767e-01
7.236502345679378043e-03
1.476232654266312417e-04
0.000000000000000000e+00
0.000000000000000000e+00
0.000000000000000000e+00
0.000000000000000000e+00
0.000000000000000000e+00
0.000000000000000000e+00
0.000000000000000000e+00
0.000000000000000000e+00
