0.000000000000000000e+00
0.000000000000000000e+00
0.000000000000000000e+00
0.000000000000000000e+00
0.000000000000000000e+00
0.000000000000000000e+00
1.481169887223724729e-06
1.333052898501352383e-05
2.199537282527231263e-04
7.124427157546115927e-03
1.008456986332751659e-01
3.907429844388291551e-01
3.929568396969329025e-01
1.008859370818780826e-01
7.068883286775226593e-03
1.404642776383832332e-04
0.000000000000000000e+00
0.000000000000000000e+00
0.000000000000000000e+00
0.000000000000000000e+00
0.000000000000000000e+00
0.000000000000000000e+00
0.000000000000000000e+00
0.000000000000000000e+00
