9.874465914824832940e-07
1.481169887223724729e-06
1.481169887223724729e-06
2.468616478706208023e-06
4.443509661671174611e-06
1.234308239353103927e-05
2.048951677326152549e-05
5.307525429218347038e-05
2.866063731777907658e-04
7.462874476776737431e-03
1.012374680684458433e-01
3.898295963417078847e-01
3.913223687263814865e-01
1.023162534696404613e-01
7.296242864464068563e-03
1.513261901446905414e-04
4.937232957412416470e-07
0.000000000000000000e+00
0.000000000000000000e+00
0.000000000000000000e+00
0.000000000000000000e+00
0.000000000000000000e+00
0.000000000000000000e+00
0.000000000000000000e+00
