0.000000000000000000e+00
0.000000000000000000e+00
0.000000000000000000e+00
1.481169887223724729e-06
1.481169887223724729e-06
8.640157675471727658e-06
1.851462359029655975e-05
6.517147503784388978e-05
4.184304931407022273e-04
7.777129354516037867e-03
1.014356979716859591e-01
3.891833125475825939e-01
3.915018371443834688e-01
1.021414754229480609e-01
7.260201063874957388e-03
1.848993742550949658e-04
1.728031535094345659e-06
0.000000000000000000e+00
0.000000000000000000e+00
0.000000000000000000e+00
0.000000000000000000e+00
0.000000000000000000e+00
0.000000000000000000e+00
0.000000000000000000e+00
