0.000000000000000000e+00
0.000000000000000000e+00
0.000000000000000000e+00
0.000000000000000000e+00
0.000000000000000000e+00
4.937232957412416470e-07
7.158987788248003352e-06
1.876148523816718132e-05
1.982299032401085100e-04
7.746765371827951316e-03
1.028351566534645017e-01
3.887478486007387990e-01
3.895205255585738602e-01
1.033602313784853094e-01
7.418192518512154755e-03
1.449077873000544146e-04
1.728031535094345659e-06
0.000000000000000000e+00
0.000000000000000000e+00
0.000000000000000000e+00
0.000000000000000000e+00
0.000000000000000000e+00
0.000000000000000000e+00
0.000000000000000000e+00
