0.000000000000000000e+00
0.000000000000000000e+00
0.000000000000000000e+00
0.000000000000000000e+00
1.728031535094345659e-06
5.924679548894898917e-06
1.012132756269545196e-05
1.925520853390842106e-05
2.678448879396235676e-04
7.356230244896629078e-03
1.006366068175287565e-01
3.919328575815655413e-01
3.907854446422628913e-01
1.016993462116117797e-01
7.128623805559917113e-03
1.545353915670086319e-04
1.481169887223724729e-06
0.000000000000000000e+00
0.000000000000000000e+00
0.000000000000000000e+00
0.000000000000000000e+00
0.000000000000000000e+00
0.000000000000000000e+00
0.000000000000000000e+00
