0.000000000000000000e+00
0.000000000000000000e+00
2.468616478706208235e-07
3.209201422318070176e-06
6.171541196765519635e-06
1.333052898501352383e-05
1.826776194242593819e-05
4.665685144754733003e-05
2.525394657716450780e-04
7.458430967115066250e-03
1.002863101392003492e-01
3.910456368191185250e-01
3.923399324389041931e-01
1.012051291925747942e-01
7.157506618360779359e-03
1.653973040733159401e-04
1.234308239353104012e-06
0.000000000000000000e+00
0.000000000000000000e+00
0.000000000000000000e+00
0.000000000000000000e+00
0.000000000000000000e+00
0.000000000000000000e+00
0.000000000000000000e+00
