0.000000000000000000e+00
2.468616478706208235e-07
1.974893182964966588e-06
3.209201422318070176e-06
4.196648013800553894e-06
6.665264492506761917e-06
1.876148523816718132e-05
4.023844860291118968e-05
2.397026600823727973e-04
7.112084075152584964e-03
1.014880326410345229e-01
3.914628330040199056e-01
3.899043954210126839e-01
1.020686512368262217e-01
7.458430967115066250e-03
1.898366072125073835e-04
7.405849436118623647e-07
0.000000000000000000e+00
0.000000000000000000e+00
0.000000000000000000e+00
0.000000000000000000e+00
0.000000000000000000e+00
0.000000000000000000e+00
0.000000000000000000e+00
