0.000000000000000000e+00
0.000000000000000000e+00
0.000000000000000000e+00
0.000000000000000000e+00
0.000000000000000000e+00
0.000000000000000000e+00
7.652711083989244788e-06
1.851462359029655975e-05
2.392089367866315609e-04
7.314757488054365007e-03
1.001085697527334950e-01
3.911703019512932089e-01
3.936302782723239413e-01
1.002381721178655788e-01
7.079498337633663256e-03
1.913177770997311197e-04
1.728031535094345659e-06
0.000000000000000000e+00
0.000000000000000000e+00
0.000000000000000000e+00
0.000000000000000000e+00
0.000000000000000000e+00
0.000000000000000000e+00
0.000000000000000000e+00
