2.468616478706208235e-07
9.874465914824832940e-07
1.974893182964966588e-06
3.456063070188691317e-06
3.456063070188691317e-06
6.418402844636140353e-06
2.320499489983835593e-05
7.134301623460941196e-05
3.599242825953650961e-04
8.023003555795176281e-03
1.025655837339897875e-01
3.875372390795812638e-01
3.905632691591793271e-01
1.030874492575882817e-01
7.570999878544069223e-03
1.777403864668469845e-04
3.702924718059312035e-06
0.000000000000000000e+00
0.000000000000000000e+00
0.000000000000000000e+00
0.000000000000000000e+00
0.000000000000000000e+00
0.000000000000000000e+00
0.000000000000000000e+00
