0.000000000000000000e+00
0.000000000000000000e+00
0.000000000000000000e+00
0.000000000000000000e+00
1.974893182964966588e-06
5.184094605283036764e-06
8.887019323342349223e-06
2.567361137854456141e-05
2.083512308028039636e-04
7.084435570591075294e-03
1.006030336334183539e-01
3.908851767480026607e-01
3.936754539538842579e-01
1.003969041574463844e-01
6.942983846361210076e-03
1.567571463978441955e-04
5.184094605283036764e-06
0.000000000000000000e+00
0.000000000000000000e+00
0.000000000000000000e+00
0.000000000000000000e+00
0.000000000000000000e+00
0.000000000000000000e+00
0.000000000000000000e+00
