0.000000000000000000e+00
0.000000000000000000e+00
0.000000000000000000e+00
0.000000000000000000e+00
0.000000000000000000e+00
0.000000000000000000e+00
2.468616478706208235e-07
1.530542216797848958e-05
2.409369683217258882e-04
7.437200865398192924e-03
1.005837784248844458e-01
3.906185661683023724e-01
3.928116850479849709e-01
1.011740246249430986e-01
6.932368795502773413e-03
1.831713427200006386e-04
2.715478126576828741e-06
0.000000000000000000e+00
0.000000000000000000e+00
0.000000000000000000e+00
0.000000000000000000e+00
0.000000000000000000e+00
0.000000000000000000e+00
0.000000000000000000e+00
