9.874465914824832940e-07
3.209201422318070176e-06
2.468616478706208023e-06
3.209201422318070176e-06
6.418402844636140353e-06
9.133880971212969094e-06
1.579914546371973270e-05
5.085349946134788647e-05
2.804348319810252301e-04
7.650736190806279625e-03
1.020590236325592676e-01
3.892124422220313296e-01
3.909493607764489842e-01
1.022231866283932339e-01
7.338703067897815215e-03
1.895897455646367654e-04
2.221754830835587306e-06
0.000000000000000000e+00
0.000000000000000000e+00
0.000000000000000000e+00
0.000000000000000000e+00
0.000000000000000000e+00
0.000000000000000000e+00
0.000000000000000000e+00
