0.000000000000000000e+00
0.000000000000000000e+00
0.000000000000000000e+00
0.000000000000000000e+00
0.000000000000000000e+00
0.000000000000000000e+00
0.000000000000000000e+00
5.184094605283036764e-06
1.740374617487876576e-04
6.924716084418783626e-03
1.002307662684294581e-01
3.926418442342499704e-01
3.929074673673587648e-01
9.985998007332778925e-02
7.086410463774040457e-03
1.646567191297040856e-04
4.937232957412416047e-06
0.000000000000000000e+00
0.000000000000000000e+00
0.000000000000000000e+00
0.000000000000000000e+00
0.000000000000000000e+00
0.000000000000000000e+00
0.000000000000000000e+00
