0.000000000000000000e+00
9.874465914824832940e-07
4.937232957412416047e-06
7.899572731859866352e-06
7.652711083989244788e-06
1.086191250630731496e-05
2.419244149132083880e-05
7.381163271331562083e-05
3.675769936793543409e-04
7.820823866189137094e-03
1.016953964252458459e-01
3.884032297403114398e-01
3.915976194637572627e-01
1.027075291815153918e-01
7.084682432238946156e-03
1.910709154518605015e-04
1.728031535094345659e-06
0.000000000000000000e+00
0.000000000000000000e+00
0.000000000000000000e+00
0.000000000000000000e+00
0.000000000000000000e+00
0.000000000000000000e+00
0.000000000000000000e+00
