0.000000000000000000e+00
0.000000000000000000e+00
1.728031535094345659e-06
1.728031535094345659e-06
1.974893182964966588e-06
6.418402844636140353e-06
1.900834688603780288e-05
4.394137332097050299e-05
2.604390385035049681e-04
7.322163337490483065e-03
1.008693973514707548e-01
3.909192436554088101e-01
3.920113595855884148e-01
1.012791876869359869e-01
7.072092488197544331e-03
1.898366072125073835e-04
1.481169887223724729e-06
0.000000000000000000e+00
0.000000000000000000e+00
0.000000000000000000e+00
0.000000000000000000e+00
0.000000000000000000e+00
0.000000000000000000e+00
0.000000000000000000e+00
