0.000000000000000000e+00
0.000000000000000000e+00
0.000000000000000000e+00
0.000000000000000000e+00
0.000000000000000000e+00
1.481169887223724729e-06
6.418402844636140353e-06
3.653552388485187637e-05
2.619202083907286771e-04
7.890685712536522553e-03
1.016455303723759890e-01
3.891154255944181406e-01
3.914564146011752510e-01
1.021794921167201303e-01
7.260941648818569107e-03
1.434266174128306784e-04
1.728031535094345659e-06
0.000000000000000000e+00
0.000000000000000000e+00
0.000000000000000000e+00
0.000000000000000000e+00
0.000000000000000000e+00
0.000000000000000000e+00
0.000000000000000000e+00
