0.000000000000000000e+00
0.000000000000000000e+00
0.000000000000000000e+00
0.000000000000000000e+00
9.874465914824832940e-07
2.221754830835587306e-06
6.665264492506761917e-06
2.838908950512139185e-05
2.369871819557959702e-04
7.478673622240456995e-03
1.005070044523966866e-01
3.906770723788476896e-01
3.929516556023275875e-01
1.006037742183619604e-01
7.327100570447895971e-03
1.792215563540706935e-04
2.468616478706208235e-07
0.000000000000000000e+00
0.000000000000000000e+00
0.000000000000000000e+00
0.000000000000000000e+00
0.000000000000000000e+00
0.000000000000000000e+00
0.000000000000000000e+00
