1.234308239353104012e-06
1.481169887223724729e-06
3.209201422318070176e-06
2.715478126576828741e-06
5.184094605283036764e-06
6.912126140377382635e-06
1.505856052010786801e-05
4.542254320819422560e-05
2.643888248694348589e-04
7.529527121701805152e-03
1.013989155861532293e-01
3.897814583203730865e-01
3.923019157451321237e-01
1.013093048079762026e-01
7.173799487120240646e-03
1.582383162850679317e-04
0.000000000000000000e+00
0.000000000000000000e+00
0.000000000000000000e+00
0.000000000000000000e+00
0.000000000000000000e+00
0.000000000000000000e+00
0.000000000000000000e+00
0.000000000000000000e+00
