0.000000000000000000e+00
0.000000000000000000e+00
0.000000000000000000e+00
0.000000000000000000e+00
1.728031535094345659e-06
7.405849436118624070e-06
1.234308239353103927e-05
3.332632246253380620e-05
2.535269123631275507e-04
7.374004283543313804e-03
1.010802171987522646e-01
3.905422859191103324e-01
3.915726864373223481e-01
1.018548690497702719e-01
7.118255616349350445e-03
1.468826804830193871e-04
2.468616478706208023e-06
0.000000000000000000e+00
0.000000000000000000e+00
0.000000000000000000e+00
0.000000000000000000e+00
0.000000000000000000e+00
0.000000000000000000e+00
0.000000000000000000e+00
