0.000000000000000000e+00
0.000000000000000000e+00
0.000000000000000000e+00
0.000000000000000000e+00
0.000000000000000000e+00
0.000000000000000000e+00
2.221754830835587306e-06
1.555228381584911114e-05
2.211880364920762443e-04
7.492251012873341401e-03
1.013460871935089186e-01
3.907034865751698449e-01
3.917222845959318911e-01
1.010394850268536149e-01
7.296736587759809420e-03
1.587320395808091680e-04
1.974893182964966588e-06
0.000000000000000000e+00
0.000000000000000000e+00
0.000000000000000000e+00
0.000000000000000000e+00
0.000000000000000000e+00
0.000000000000000000e+00
0.000000000000000000e+00
