0.000000000000000000e+00
0.000000000000000000e+00
0.000000000000000000e+00
0.000000000000000000e+00
0.000000000000000000e+00
9.874465914824832940e-07
9.380742619083590658e-06
4.517568156032360742e-05
3.594305592996238597e-04
7.669250814396576070e-03
1.016907060539363056e-01
3.883666942164265556e-01
3.915030714526228084e-01
1.028433030878442428e-01
7.331297218461696290e-03
1.792215563540706935e-04
1.481169887223724729e-06
0.000000000000000000e+00
0.000000000000000000e+00
0.000000000000000000e+00
0.000000000000000000e+00
0.000000000000000000e+00
0.000000000000000000e+00
0.000000000000000000e+00
