0.000000000000000000e+00
0.000000000000000000e+00
0.000000000000000000e+00
0.000000000000000000e+00
9.874465914824832940e-07
6.665264492506761917e-06
1.382425228075476527e-05
2.345185654770897410e-05
2.029202745496502824e-04
7.337715621306332633e-03
1.016183755911102132e-01
3.904729177960586939e-01
3.918057238329121783e-01
1.011715560084643917e-01
7.195029588837113972e-03
1.481169887223724780e-04
2.715478126576828741e-06
0.000000000000000000e+00
0.000000000000000000e+00
0.000000000000000000e+00
0.000000000000000000e+00
0.000000000000000000e+00
0.000000000000000000e+00
0.000000000000000000e+00
