0.000000000000000000e+00
0.000000000000000000e+00
0.000000000000000000e+00
0.000000000000000000e+00
2.468616478706208235e-07
2.468616478706208023e-06
2.468616478706208023e-06
1.357739063288414370e-05
1.989704881837203645e-04
7.409552360836683255e-03
1.004813308410181377e-01
3.914179041841074347e-01
3.918353472306566609e-01
1.015529572544244946e-01
6.953598897219646739e-03
1.313303966671702523e-04
2.468616478706208235e-07
0.000000000000000000e+00
0.000000000000000000e+00
0.000000000000000000e+00
0.000000000000000000e+00
0.000000000000000000e+00
0.000000000000000000e+00
0.000000000000000000e+00
