0.000000000000000000e+00
0.000000000000000000e+00
0.000000000000000000e+00
0.000000000000000000e+00
0.000000000000000000e+00
0.000000000000000000e+00
1.974893182964966588e-06
1.456483722436662658e-05
2.488365410535857782e-04
7.525083612040133971e-03
1.015781371425073104e-01
3.895017640733356989e-01
3.913290339908740423e-01
1.022325673710123145e-01
7.401652788104823473e-03
1.646567191297040856e-04
1.728031535094345659e-06
0.000000000000000000e+00
0.000000000000000000e+00
0.000000000000000000e+00
0.000000000000000000e+00
0.000000000000000000e+00
0.000000000000000000e+00
0.000000000000000000e+00
