0.000000000000000000e+00
0.000000000000000000e+00
0.000000000000000000e+00
0.000000000000000000e+00
4.937232957412416470e-07
6.418402844636140353e-06
1.357739063288414370e-05
3.900414036355808524e-05
2.792005237416721121e-04
7.369067050585901765e-03
1.016270157487856873e-01
3.902628385337207906e-01
3.916136654708688436e-01
1.012767190704572801e-01
7.364870402572100579e-03
1.444140640043131783e-04
2.715478126576828741e-06
0.000000000000000000e+00
0.000000000000000000e+00
0.000000000000000000e+00
0.000000000000000000e+00
0.000000000000000000e+00
0.000000000000000000e+00
0.000000000000000000e+00
