0.000000000000000000e+00
0.000000000000000000e+00
1.481169887223724729e-06
2.221754830835587306e-06
1.974893182964966588e-06
2.468616478706208023e-06
1.160249744991917796e-05
5.159408440495974777e-05
2.861126498820495295e-04
7.112330936800455826e-03
1.004536823364566289e-01
3.917435146976487870e-01
3.917610418746476086e-01
1.011824179209706992e-01
7.218234583736952460e-03
1.708282603264695942e-04
4.937232957412416470e-07
0.000000000000000000e+00
0.000000000000000000e+00
0.000000000000000000e+00
0.000000000000000000e+00
0.000000000000000000e+00
0.000000000000000000e+00
0.000000000000000000e+00
