0.000000000000000000e+00
9.874465914824832940e-07
2.221754830835587306e-06
2.221754830835587306e-06
4.690371309541795329e-06
1.160249744991917796e-05
1.653973040733159401e-05
4.789115968690043447e-05
2.935184993181681290e-04
7.570999878544069223e-03
1.011826647826185727e-01
3.900865793171411910e-01
3.909310930145065699e-01
1.022244209366325873e-01
7.445841023073664425e-03
1.752717699881407756e-04
3.456063070188691317e-06
0.000000000000000000e+00
0.000000000000000000e+00
0.000000000000000000e+00
0.000000000000000000e+00
0.000000000000000000e+00
0.000000000000000000e+00
0.000000000000000000e+00
