0.000000000000000000e+00
2.221754830835587306e-06
7.405849436118623647e-07
4.937232957412416470e-07
3.209201422318070176e-06
6.912126140377382635e-06
1.505856052010786801e-05
3.431376905401629246e-05
3.401753507657154793e-04
7.904263103169406959e-03
1.019195468015123701e-01
3.892114547754398357e-01
3.911725237061240423e-01
1.017588398687486045e-01
7.432757355736521743e-03
1.950207018177904194e-04
2.468616478706208235e-07
0.000000000000000000e+00
0.000000000000000000e+00
0.000000000000000000e+00
0.000000000000000000e+00
0.000000000000000000e+00
0.000000000000000000e+00
0.000000000000000000e+00
