0.000000000000000000e+00
0.000000000000000000e+00
0.000000000000000000e+00
2.468616478706208023e-06
3.702924718059312035e-06
6.171541196765519635e-06
1.382425228075476527e-05
4.171961849013491229e-05
2.752507373757421671e-04
7.506815850097707521e-03
1.017163796653148544e-01
3.905371018245050729e-01
3.898399645309184591e-01
1.026258179760702188e-01
7.277728240873772118e-03
1.523136367361730412e-04
7.405849436118623647e-07
0.000000000000000000e+00
0.000000000000000000e+00
0.000000000000000000e+00
0.000000000000000000e+00
0.000000000000000000e+00
0.000000000000000000e+00
0.000000000000000000e+00
