0.000000000000000000e+00
0.000000000000000000e+00
0.000000000000000000e+00
0.000000000000000000e+00
0.000000000000000000e+00
0.000000000000000000e+00
1.481169887223724729e-06
1.950207018177904262e-05
2.209411748442056261e-04
7.243167610171885248e-03
1.006005650169396470e-01
3.915359040517896183e-01
3.925576644123260905e-01
1.003877702764751773e-01
7.250326597960132444e-03
1.794684180019413117e-04
3.209201422318070176e-06
0.000000000000000000e+00
0.000000000000000000e+00
0.000000000000000000e+00
0.000000000000000000e+00
0.000000000000000000e+00
0.000000000000000000e+00
0.000000000000000000e+00
