2.468616478706208235e-07
1.974893182964966588e-06
2.468616478706208023e-06
3.209201422318070176e-06
1.184935909778979783e-05
2.098324006900276862e-05
3.431376905401629246e-05
6.912126140377382127e-05
3.769577362984379400e-04
7.737631490856738091e-03
1.006961004746655813e-01
3.903766417533891531e-01
3.909002353085227477e-01
1.022572535357993834e-01
7.339443652841426934e-03
1.703345370307283578e-04
1.234308239353104012e-06
0.000000000000000000e+00
0.000000000000000000e+00
0.000000000000000000e+00
0.000000000000000000e+00
0.000000000000000000e+00
0.000000000000000000e+00
0.000000000000000000e+00
