0.000000000000000000e+00
0.000000000000000000e+00
0.000000000000000000e+00
0.000000000000000000e+00
0.000000000000000000e+00
1.974893182964966588e-06
2.468616478706208023e-06
6.171541196765519635e-06
2.318030873505129343e-04
7.600623276288544054e-03
1.010389913035578680e-01
3.905385829943923137e-01
3.917151256081436439e-01
1.015709781547190632e-01
7.122699126011021627e-03
1.691002287913752399e-04
1.481169887223724729e-06
0.000000000000000000e+00
0.000000000000000000e+00
0.000000000000000000e+00
0.000000000000000000e+00
0.000000000000000000e+00
0.000000000000000000e+00
0.000000000000000000e+00
