0.000000000000000000e+00
0.000000000000000000e+00
0.000000000000000000e+00
0.000000000000000000e+00
1.481169887223724729e-06
2.962339774447449459e-06
1.160249744991917796e-05
3.110456763169822228e-05
2.416775532653377698e-04
7.195276450484983967e-03
1.009669077023796491e-01
3.902144536507381467e-01
3.928146473877593969e-01
1.012270998792352827e-01
7.160962681430967959e-03
1.308366733714290159e-04
9.874465914824832940e-07
0.000000000000000000e+00
0.000000000000000000e+00
0.000000000000000000e+00
0.000000000000000000e+00
0.000000000000000000e+00
0.000000000000000000e+00
0.000000000000000000e+00
