0.000000000000000000e+00
0.000000000000000000e+00
1.234308239353104012e-06
1.234308239353104012e-06
4.937232957412416047e-06
6.171541196765519635e-06
1.333052898501352383e-05
3.406690740614566750e-05
3.191921106967126904e-04
7.685049959860295633e-03
1.017077395076393803e-01
3.905203152324498439e-01
3.896044585188498388e-01
1.025890355905375029e-01
7.362895509389136284e-03
1.495981586095962142e-04
7.405849436118623647e-07
0.000000000000000000e+00
0.000000000000000000e+00
0.000000000000000000e+00
0.000000000000000000e+00
0.000000000000000000e+00
0.000000000000000000e+00
0.000000000000000000e+00
