0.000000000000000000e+00
0.000000000000000000e+00
0.000000000000000000e+00
0.000000000000000000e+00
0.000000000000000000e+00
0.000000000000000000e+00
6.665264492506761917e-06
2.246440995622649123e-05
2.631545166300817951e-04
7.348824395460510153e-03
1.007528786536758258e-01
3.916089750995592755e-01
3.917588201198167752e-01
1.009335813799171200e-01
7.111590351856844107e-03
1.908240538039898833e-04
2.221754830835587306e-06
0.000000000000000000e+00
0.000000000000000000e+00
0.000000000000000000e+00
0.000000000000000000e+00
0.000000000000000000e+00
0.000000000000000000e+00
0.000000000000000000e+00
