0.000000000000000000e+00
0.000000000000000000e+00
0.000000000000000000e+00
0.000000000000000000e+00
2.221754830835587306e-06
7.652711083989244788e-06
1.950207018177904262e-05
3.925100201142871020e-05
2.490834027014563693e-04
7.239464685453825786e-03
1.010044306728559854e-01
3.903248008073363362e-01
3.925979028609289934e-01
1.011592129260708572e-01
7.205891501343421497e-03
1.505856052010786869e-04
0.000000000000000000e+00
0.000000000000000000e+00
0.000000000000000000e+00
0.000000000000000000e+00
0.000000000000000000e+00
0.000000000000000000e+00
0.000000000000000000e+00
0.000000000000000000e+00
