0.000000000000000000e+00
0.000000000000000000e+00
0.000000000000000000e+00
0.000000000000000000e+00
0.000000000000000000e+00
7.405849436118623647e-07
3.209201422318070176e-06
2.246440995622649123e-05
2.187194200133700354e-04
7.267853774958947174e-03
1.010468908762897355e-01
3.900275793833001270e-01
3.923789365792677564e-01
1.017704423661985186e-01
7.136770239939646890e-03
1.261463020618872164e-04
2.468616478706208235e-07
0.000000000000000000e+00
0.000000000000000000e+00
0.000000000000000000e+00
0.000000000000000000e+00
0.000000000000000000e+00
0.000000000000000000e+00
0.000000000000000000e+00
