0.000000000000000000e+00
0.000000000000000000e+00
0.000000000000000000e+00
0.000000000000000000e+00
0.000000000000000000e+00
2.468616478706208023e-06
8.393296027601107788e-06
3.110456763169822228e-05
3.019117953457692554e-04
7.960300697236038017e-03
1.032219888556777654e-01
3.869139134187079554e-01
3.906938589709029186e-01
1.032666708139423489e-01
7.469786602917114632e-03
1.296023651320759250e-04
0.000000000000000000e+00
0.000000000000000000e+00
0.000000000000000000e+00
0.000000000000000000e+00
0.000000000000000000e+00
0.000000000000000000e+00
0.000000000000000000e+00
0.000000000000000000e+00
