1.234308239353104012e-06
9.874465914824832940e-07
1.728031535094345659e-06
2.715478126576828741e-06
3.209201422318070176e-06
9.380742619083590658e-06
2.740164291363890897e-05
7.405849436118623901e-05
3.312883314423731166e-04
7.773179568150107542e-03
1.020266847566882185e-01
3.888870785701378230e-01
3.898449017638758729e-01
1.033918296694127520e-01
7.461146445241643131e-03
1.624349642988684949e-04
2.468616478706208235e-07
0.000000000000000000e+00
0.000000000000000000e+00
0.000000000000000000e+00
0.000000000000000000e+00
0.000000000000000000e+00
0.000000000000000000e+00
0.000000000000000000e+00
