0.000000000000000000e+00
0.000000000000000000e+00
0.000000000000000000e+00
0.000000000000000000e+00
0.000000000000000000e+00
4.690371309541795329e-06
1.382425228075476527e-05
2.690791961789766585e-05
2.216817597878174807e-04
7.172071455585146346e-03
1.009024768122854104e-01
3.913858121698842729e-01
3.918817572204563171e-01
1.012786939636402400e-01
6.950142834149458139e-03
1.602132094680329042e-04
1.728031535094345659e-06
0.000000000000000000e+00
0.000000000000000000e+00
0.000000000000000000e+00
0.000000000000000000e+00
0.000000000000000000e+00
0.000000000000000000e+00
0.000000000000000000e+00
