0.000000000000000000e+00
0.000000000000000000e+00
0.000000000000000000e+00
1.728031535094345659e-06
1.481169887223724729e-06
3.209201422318070176e-06
4.196648013800553894e-06
1.333052898501352383e-05
1.757654932838820119e-04
7.285627813605631900e-03
1.010631837450491899e-01
3.909846619920945288e-01
3.917662259692528681e-01
1.011024347470606127e-01
7.413008423906871855e-03
1.846525126072243476e-04
4.937232957412416470e-07
0.000000000000000000e+00
0.000000000000000000e+00
0.000000000000000000e+00
0.000000000000000000e+00
0.000000000000000000e+00
0.000000000000000000e+00
0.000000000000000000e+00
