0.000000000000000000e+00
0.000000000000000000e+00
0.000000000000000000e+00
0.000000000000000000e+00
0.000000000000000000e+00
9.874465914824832940e-07
8.640157675471727658e-06
4.591626650393546873e-05
3.209201422318070447e-04
7.770710951671401523e-03
1.015502417762979281e-01
3.894681908892252964e-01
3.901460729742780020e-01
1.031689136013855812e-01
7.325866262208542527e-03
1.923052236912135924e-04
1.234308239353104012e-06
0.000000000000000000e+00
0.000000000000000000e+00
0.000000000000000000e+00
0.000000000000000000e+00
0.000000000000000000e+00
0.000000000000000000e+00
0.000000000000000000e+00
