0.000000000000000000e+00
4.937232957412416470e-07
3.949786365929933176e-06
4.937232957412416047e-06
7.899572731859866352e-06
1.530542216797848958e-05
3.184515257531008359e-05
8.640157675471728336e-05
4.001627311982763197e-04
7.894635498902452878e-03
1.016882374374575987e-01
3.883538574107373020e-01
3.909226997184789831e-01
1.028773699952503784e-01
7.515209146125309027e-03
1.932926702826960922e-04
3.702924718059312035e-06
0.000000000000000000e+00
0.000000000000000000e+00
0.000000000000000000e+00
0.000000000000000000e+00
0.000000000000000000e+00
0.000000000000000000e+00
0.000000000000000000e+00
