0.000000000000000000e+00
0.000000000000000000e+00
0.000000000000000000e+00
9.874465914824832940e-07
2.221754830835587306e-06
5.924679548894898917e-06
9.133880971212969094e-06
1.653973040733159401e-05
2.629076549822111498e-04
7.600870137936414049e-03
1.016487395737983024e-01
3.896002618708360732e-01
3.917210502876925515e-01
1.014495222239667066e-01
7.525083612040133971e-03
1.567571463978441955e-04
0.000000000000000000e+00
0.000000000000000000e+00
0.000000000000000000e+00
0.000000000000000000e+00
0.000000000000000000e+00
0.000000000000000000e+00
0.000000000000000000e+00
0.000000000000000000e+00
