0.000000000000000000e+00
0.000000000000000000e+00
4.937232957412416470e-07
2.962339774447449459e-06
3.209201422318070176e-06
7.405849436118624070e-06
1.209622074566041940e-05
3.332632246253380620e-05
2.705603660662003946e-04
7.397209278443152292e-03
1.018370950111235906e-01
3.901379265398982610e-01
3.901996419518659054e-01
1.025939728234949028e-01
7.315004349702235870e-03
1.848993742550949658e-04
4.196648013800553894e-06
0.000000000000000000e+00
0.000000000000000000e+00
0.000000000000000000e+00
0.000000000000000000e+00
0.000000000000000000e+00
0.000000000000000000e+00
0.000000000000000000e+00
