0.000000000000000000e+00
0.000000000000000000e+00
0.000000000000000000e+00
1.234308239353104012e-06
1.728031535094345659e-06
2.715478126576828741e-06
4.690371309541795329e-06
1.086191250630731496e-05
2.248909612101355441e-04
7.443125544947087543e-03
1.011414388874241760e-01
3.915045526225100492e-01
3.915741676072095334e-01
1.008212593301359844e-01
7.111837213504714969e-03
1.550291148627498683e-04
2.468616478706208023e-06
0.000000000000000000e+00
0.000000000000000000e+00
0.000000000000000000e+00
0.000000000000000000e+00
0.000000000000000000e+00
0.000000000000000000e+00
0.000000000000000000e+00
