2.221754830835587306e-06
1.234308239353104012e-06
9.874465914824832940e-07
1.974893182964966588e-06
3.456063070188691317e-06
1.086191250630731496e-05
1.604600711159035088e-05
3.628866223698125820e-05
2.989494555713217831e-04
7.900560178451348364e-03
1.018647435156850994e-01
3.882378324362381061e-01
3.905916582486844701e-01
1.035577206967818187e-01
7.295008556224715120e-03
1.700876753828577397e-04
4.196648013800553894e-06
0.000000000000000000e+00
0.000000000000000000e+00
0.000000000000000000e+00
0.000000000000000000e+00
0.000000000000000000e+00
0.000000000000000000e+00
0.000000000000000000e+00
