1.234308239353104012e-06
9.874465914824832940e-07
2.962339774447449459e-06
0.000000000000000000e+00
2.715478126576828741e-06
1.728031535094345659e-06
4.196648013800553894e-06
1.703345370307283375e-05
2.197068666048525081e-04
7.189351770936089348e-03
1.008094099710381969e-01
3.912924984669891582e-01
3.918170794687142466e-01
1.014500159472624535e-01
7.016795479074525860e-03
1.735437384530464212e-04
7.405849436118623647e-07
0.000000000000000000e+00
0.000000000000000000e+00
0.000000000000000000e+00
0.000000000000000000e+00
0.000000000000000000e+00
0.000000000000000000e+00
0.000000000000000000e+00
