0.000000000000000000e+00
0.000000000000000000e+00
0.000000000000000000e+00
0.000000000000000000e+00
0.000000000000000000e+00
0.000000000000000000e+00
1.974893182964966588e-06
1.703345370307283375e-05
1.952675634656610376e-04
7.050615524832801011e-03
1.012379617917415903e-01
3.916790838075545622e-01
3.912394232126970017e-01
1.011263803269040751e-01
7.310067116744822964e-03
1.421923091734775876e-04
0.000000000000000000e+00
0.000000000000000000e+00
0.000000000000000000e+00
0.000000000000000000e+00
0.000000000000000000e+00
0.000000000000000000e+00
0.000000000000000000e+00
0.000000000000000000e+00
