0.000000000000000000e+00
0.000000000000000000e+00
0.000000000000000000e+00
0.000000000000000000e+00
0.000000000000000000e+00
7.405849436118623647e-07
4.443509661671174611e-06
2.172382501261462993e-05
2.409369683217258882e-04
7.500891170548812902e-03
1.007671966292523202e-01
3.913635946215758832e-01
3.915383726682682974e-01
1.011643970206761445e-01
7.254029522678191906e-03
1.436734790607012966e-04
0.000000000000000000e+00
0.000000000000000000e+00
0.000000000000000000e+00
0.000000000000000000e+00
0.000000000000000000e+00
0.000000000000000000e+00
0.000000000000000000e+00
0.000000000000000000e+00
