0.000000000000000000e+00
1.481169887223724729e-06
2.715478126576828741e-06
4.196648013800553894e-06
3.949786365929933176e-06
9.133880971212969094e-06
2.246440995622649123e-05
6.764009151655009865e-05
3.774514595941791764e-04
7.805024720725417531e-03
1.010192423717282129e-01
3.906600389251446148e-01
3.908481475008220296e-01
1.017230449298073547e-01
7.281431165591830713e-03
1.720625685658226851e-04
1.974893182964966588e-06
0.000000000000000000e+00
0.000000000000000000e+00
0.000000000000000000e+00
0.000000000000000000e+00
0.000000000000000000e+00
0.000000000000000000e+00
0.000000000000000000e+00
