0.000000000000000000e+00
0.000000000000000000e+00
0.000000000000000000e+00
0.000000000000000000e+00
2.468616478706208235e-07
2.221754830835587306e-06
6.418402844636140353e-06
3.431376905401629246e-05
2.947528075575212470e-04
7.711711017830322722e-03
1.016677479206843371e-01
3.895755757060490043e-01
3.914243225869520892e-01
1.017023085513862335e-01
7.391037737246386810e-03
1.876148523816717928e-04
1.728031535094345659e-06
0.000000000000000000e+00
0.000000000000000000e+00
0.000000000000000000e+00
0.000000000000000000e+00
0.000000000000000000e+00
0.000000000000000000e+00
0.000000000000000000e+00
