9.874465914824832940e-07
1.481169887223724729e-06
2.221754830835587306e-06
2.715478126576828741e-06
4.690371309541795329e-06
5.924679548894898917e-06
1.407111392862538514e-05
5.085349946134788647e-05
2.969745623883568377e-04
7.782066587473449905e-03
1.011745183482388455e-01
3.903166543729565952e-01
3.906731225924817696e-01
1.021481406874405612e-01
7.366351572459324884e-03
1.570040080457148408e-04
9.874465914824832940e-07
0.000000000000000000e+00
0.000000000000000000e+00
0.000000000000000000e+00
0.000000000000000000e+00
0.000000000000000000e+00
0.000000000000000000e+00
0.000000000000000000e+00
