2.962339774447449459e-06
3.456063070188691317e-06
9.133880971212969094e-06
1.160249744991917796e-05
1.184935909778979783e-05
2.123010171687339019e-05
5.233466934857160908e-05
1.258994404140165982e-04
4.969324971635596206e-04
8.085459552706442815e-03
1.008400208153741456e-01
3.881410626702728184e-01
3.924922460756403719e-01
1.021980067403104320e-01
7.328828601982990271e-03
1.713219836222108306e-04
2.468616478706208235e-07
0.000000000000000000e+00
0.000000000000000000e+00
0.000000000000000000e+00
0.000000000000000000e+00
0.000000000000000000e+00
0.000000000000000000e+00
0.000000000000000000e+00
