0.000000000000000000e+00
0.000000000000000000e+00
0.000000000000000000e+00
0.000000000000000000e+00
1.728031535094345659e-06
1.974893182964966588e-06
6.418402844636140353e-06
2.641419632215642610e-05
2.542674973067394323e-04
7.499163139013718601e-03
1.007958325804053090e-01
3.905057503952255038e-01
3.927968733491127296e-01
1.010913259729064456e-01
6.853866791479915586e-03
1.646567191297040856e-04
1.728031535094345659e-06
0.000000000000000000e+00
0.000000000000000000e+00
0.000000000000000000e+00
0.000000000000000000e+00
0.000000000000000000e+00
0.000000000000000000e+00
0.000000000000000000e+00
