0.000000000000000000e+00
0.000000000000000000e+00
0.000000000000000000e+00
0.000000000000000000e+00
1.481169887223724729e-06
2.221754830835587306e-06
5.184094605283036764e-06
1.357739063288414370e-05
2.083512308028039636e-04
7.601116999584284911e-03
1.019049819642880023e-01
3.903107296934076875e-01
3.900056086966396385e-01
1.026040941510576038e-01
7.192067249062666229e-03
1.493512969617255960e-04
1.234308239353104012e-06
0.000000000000000000e+00
0.000000000000000000e+00
0.000000000000000000e+00
0.000000000000000000e+00
0.000000000000000000e+00
0.000000000000000000e+00
0.000000000000000000e+00
