0.000000000000000000e+00
0.000000000000000000e+00
0.000000000000000000e+00
0.000000000000000000e+00
0.000000000000000000e+00
1.728031535094345659e-06
5.184094605283036764e-06
2.123010171687339019e-05
2.377277668994078248e-04
7.214531659018892998e-03
1.010226984347984136e-01
3.921123259995675236e-01
3.903665204258264798e-01
1.016045513388294658e-01
7.273037869564230075e-03
1.394768310469007605e-04
9.874465914824832940e-07
0.000000000000000000e+00
0.000000000000000000e+00
0.000000000000000000e+00
0.000000000000000000e+00
0.000000000000000000e+00
0.000000000000000000e+00
0.000000000000000000e+00
