0.000000000000000000e+00
0.000000000000000000e+00
0.000000000000000000e+00
7.405849436118623647e-07
5.924679548894898917e-06
1.308366733714290227e-05
2.147696336474400836e-05
4.566940485606485055e-05
3.137611544435590363e-04
7.674188047353988976e-03
1.017689611963112917e-01
3.895906342665690913e-01
3.899589518451920811e-01
1.028647800512089844e-01
7.572727910079163523e-03
1.683596438477633853e-04
7.405849436118623647e-07
0.000000000000000000e+00
0.000000000000000000e+00
0.000000000000000000e+00
0.000000000000000000e+00
0.000000000000000000e+00
0.000000000000000000e+00
0.000000000000000000e+00
