0.000000000000000000e+00
0.000000000000000000e+00
0.000000000000000000e+00
2.221754830835587306e-06
3.949786365929933176e-06
6.418402844636140353e-06
1.283680568927228071e-05
5.579073241876029743e-05
3.423971055965510700e-04
7.882292416508921915e-03
1.015944300112667648e-01
3.887530326953441140e-01
3.919521127900994495e-01
1.019262120660048843e-01
7.300439512477868882e-03
1.661378890169277946e-04
1.728031535094345659e-06
0.000000000000000000e+00
0.000000000000000000e+00
0.000000000000000000e+00
0.000000000000000000e+00
0.000000000000000000e+00
0.000000000000000000e+00
0.000000000000000000e+00
