0.000000000000000000e+00
1.234308239353104012e-06
9.874465914824832940e-07
2.715478126576828741e-06
7.405849436118623647e-07
4.937232957412416047e-06
1.184935909778979783e-05
4.270706508161739855e-05
2.945059459096506017e-04
7.580627482811023304e-03
1.013110328395112891e-01
3.894195591445947513e-01
3.925349531407220094e-01
1.013858319188160884e-01
7.249092289720779868e-03
1.592257628765504044e-04
0.000000000000000000e+00
0.000000000000000000e+00
0.000000000000000000e+00
0.000000000000000000e+00
0.000000000000000000e+00
0.000000000000000000e+00
0.000000000000000000e+00
0.000000000000000000e+00
