0.000000000000000000e+00
0.000000000000000000e+00
0.000000000000000000e+00
0.000000000000000000e+00
1.974893182964966588e-06
2.962339774447449459e-06
1.234308239353103927e-05
2.641419632215642610e-05
2.540206356588687871e-04
7.359439446318946816e-03
1.008271840096848782e-01
3.913692724394769451e-01
3.916980921544405692e-01
1.009572800981126950e-01
7.320435305955388765e-03
1.686065054956340035e-04
1.974893182964966588e-06
0.000000000000000000e+00
0.000000000000000000e+00
0.000000000000000000e+00
0.000000000000000000e+00
0.000000000000000000e+00
0.000000000000000000e+00
0.000000000000000000e+00
