0.000000000000000000e+00
0.000000000000000000e+00
9.874465914824832940e-07
1.481169887223724729e-06
5.430956253153657482e-06
9.380742619083590658e-06
1.678659205520221558e-05
4.369451167309987803e-05
3.006774871064161374e-04
7.764292548826765179e-03
1.019247308961176574e-01
3.896854291393514469e-01
3.905763528265164819e-01
1.020530989530103738e-01
7.441644375059864105e-03
1.735437384530464212e-04
2.468616478706208023e-06
0.000000000000000000e+00
0.000000000000000000e+00
0.000000000000000000e+00
0.000000000000000000e+00
0.000000000000000000e+00
0.000000000000000000e+00
0.000000000000000000e+00
