0.000000000000000000e+00
0.000000000000000000e+00
1.481169887223724729e-06
3.456063070188691317e-06
9.380742619083590658e-06
1.728031535094345532e-05
3.110456763169822228e-05
7.504594095266872527e-05
3.574556661166589143e-04
7.629012365793665443e-03
1.004702220668639567e-01
3.890803712404205528e-01
3.934130400221977908e-01
1.016707102604587909e-01
7.097766099576088838e-03
1.434266174128306784e-04
2.468616478706208235e-07
0.000000000000000000e+00
0.000000000000000000e+00
0.000000000000000000e+00
0.000000000000000000e+00
0.000000000000000000e+00
0.000000000000000000e+00
0.000000000000000000e+00
