0.000000000000000000e+00
0.000000000000000000e+00
2.468616478706208235e-07
3.209201422318070176e-06
3.209201422318070176e-06
4.690371309541795329e-06
1.407111392862538514e-05
3.925100201142871020e-05
2.915436061352031836e-04
7.394493800316575410e-03
1.015001288617801839e-01
3.902566669925240372e-01
3.914576489094145906e-01
1.016122040499134460e-01
7.281431165591830713e-03
1.412048625819950878e-04
0.000000000000000000e+00
0.000000000000000000e+00
0.000000000000000000e+00
0.000000000000000000e+00
0.000000000000000000e+00
0.000000000000000000e+00
0.000000000000000000e+00
0.000000000000000000e+00
