0.000000000000000000e+00
0.000000000000000000e+00
0.000000000000000000e+00
0.000000000000000000e+00
3.209201422318070176e-06
3.949786365929933176e-06
1.530542216797848958e-05
3.900414036355808524e-05
3.011712104021573738e-04
7.240452132045308367e-03
1.009005019191024505e-01
3.919010124289902253e-01
3.901638470129246694e-01
1.019346053620324849e-01
7.351293011939217040e-03
1.449077873000544146e-04
7.405849436118623647e-07
0.000000000000000000e+00
0.000000000000000000e+00
0.000000000000000000e+00
0.000000000000000000e+00
0.000000000000000000e+00
0.000000000000000000e+00
0.000000000000000000e+00
