0.000000000000000000e+00
0.000000000000000000e+00
0.000000000000000000e+00
0.000000000000000000e+00
2.468616478706208235e-07
3.702924718059312035e-06
5.677817901024278200e-06
1.703345370307283375e-05
2.848783416426964115e-04
7.597167213218355454e-03
1.010984849606946928e-01
3.901835959447543245e-01
3.920903553129070351e-01
1.013362127275940910e-01
7.192560972358407953e-03
1.868742674380599383e-04
3.209201422318070176e-06
0.000000000000000000e+00
0.000000000000000000e+00
0.000000000000000000e+00
0.000000000000000000e+00
0.000000000000000000e+00
0.000000000000000000e+00
0.000000000000000000e+00
