0.000000000000000000e+00
0.000000000000000000e+00
0.000000000000000000e+00
0.000000000000000000e+00
0.000000000000000000e+00
4.937232957412416470e-07
1.555228381584911114e-05
4.344765002522925986e-05
3.019117953457692554e-04
7.417205071920672174e-03
1.010609619902183565e-01
3.902319808277369684e-01
3.919780332631258579e-01
1.015445639583968940e-01
7.240945855341049224e-03
1.639161341860922039e-04
9.874465914824832940e-07
0.000000000000000000e+00
0.000000000000000000e+00
0.000000000000000000e+00
0.000000000000000000e+00
0.000000000000000000e+00
0.000000000000000000e+00
0.000000000000000000e+00
