0.000000000000000000e+00
0.000000000000000000e+00
4.937232957412416470e-07
1.728031535094345659e-06
1.728031535094345659e-06
8.146434379730486223e-06
2.098324006900276862e-05
4.739743639115919134e-05
3.258573751892194625e-04
7.638393108412748662e-03
1.001349839490556504e-01
3.896022367640190054e-01
3.930104086745208058e-01
1.019002915929784620e-01
7.159234649895873659e-03
1.461420955394075055e-04
1.974893182964966588e-06
0.000000000000000000e+00
0.000000000000000000e+00
0.000000000000000000e+00
0.000000000000000000e+00
0.000000000000000000e+00
0.000000000000000000e+00
0.000000000000000000e+00
