0.000000000000000000e+00
0.000000000000000000e+00
0.000000000000000000e+00
9.874465914824832940e-07
2.962339774447449459e-06
5.924679548894898917e-06
1.160249744991917796e-05
2.616733467428580454e-05
2.713009510098122763e-04
7.558163072854796535e-03
1.013033801284273089e-01
3.892953877357158698e-01
3.925983965842247403e-01
1.017368691820881160e-01
7.061477437339107668e-03
1.273806103012403343e-04
0.000000000000000000e+00
0.000000000000000000e+00
0.000000000000000000e+00
0.000000000000000000e+00
0.000000000000000000e+00
0.000000000000000000e+00
0.000000000000000000e+00
0.000000000000000000e+00
