4.937232957412416470e-07
1.234308239353104012e-06
1.728031535094345659e-06
1.974893182964966588e-06
3.209201422318070176e-06
8.640157675471727658e-06
1.777403864668469845e-05
4.665685144754733003e-05
2.925310527266856563e-04
7.841066521314528706e-03
1.014396477580518929e-01
3.890292708793113285e-01
3.913937117426161127e-01
1.023034166639511938e-01
7.428313846074850561e-03
1.886022989731542926e-04
1.728031535094345659e-06
0.000000000000000000e+00
0.000000000000000000e+00
0.000000000000000000e+00
0.000000000000000000e+00
0.000000000000000000e+00
0.000000000000000000e+00
0.000000000000000000e+00
