0.000000000000000000e+00
0.000000000000000000e+00
1.481169887223724729e-06
1.234308239353104012e-06
2.715478126576828741e-06
4.443509661671174611e-06
9.380742619083590658e-06
2.147696336474400836e-05
2.821628635161195844e-04
7.670978845931670370e-03
1.015773965575636900e-01
3.887636477462025342e-01
3.928176097275338785e-01
1.014280452606019650e-01
7.242673886876143524e-03
1.762592165796232483e-04
4.937232957412416470e-07
0.000000000000000000e+00
0.000000000000000000e+00
0.000000000000000000e+00
0.000000000000000000e+00
0.000000000000000000e+00
0.000000000000000000e+00
0.000000000000000000e+00
