0.000000000000000000e+00
0.000000000000000000e+00
0.000000000000000000e+00
0.000000000000000000e+00
1.234308239353104012e-06
2.468616478706208023e-06
3.209201422318070176e-06
1.876148523816718132e-05
2.498239876450682509e-04
7.262669680353664274e-03
1.009130918631438584e-01
3.901993950902180597e-01
3.926951663501900280e-01
1.013744762830140478e-01
7.126402050729081089e-03
1.510793284968199232e-04
2.221754830835587306e-06
0.000000000000000000e+00
0.000000000000000000e+00
0.000000000000000000e+00
0.000000000000000000e+00
0.000000000000000000e+00
0.000000000000000000e+00
0.000000000000000000e+00
