0.000000000000000000e+00
0.000000000000000000e+00
0.000000000000000000e+00
0.000000000000000000e+00
0.000000000000000000e+00
0.000000000000000000e+00
1.728031535094345659e-06
2.838908950512139185e-05
2.735227058406478669e-04
7.607041679133179531e-03
1.015722124629584167e-01
3.899145167485753571e-01
3.920281461776436438e-01
1.011680999453942048e-01
7.235761760735766324e-03
1.661378890169277946e-04
2.962339774447449459e-06
1.481169887223724729e-06
0.000000000000000000e+00
0.000000000000000000e+00
0.000000000000000000e+00
0.000000000000000000e+00
0.000000000000000000e+00
0.000000000000000000e+00
