0.000000000000000000e+00
0.000000000000000000e+00
0.000000000000000000e+00
0.000000000000000000e+00
0.000000000000000000e+00
0.000000000000000000e+00
7.405849436118623647e-07
8.640157675471727658e-06
1.895897455646367654e-04
7.282418612183313295e-03
1.011130497979190607e-01
3.907760638996438107e-01
3.920535729273743053e-01
1.011290958050306416e-01
7.296736587759809420e-03
1.500918819053374505e-04
0.000000000000000000e+00
0.000000000000000000e+00
0.000000000000000000e+00
0.000000000000000000e+00
0.000000000000000000e+00
0.000000000000000000e+00
0.000000000000000000e+00
0.000000000000000000e+00
