0.000000000000000000e+00
0.000000000000000000e+00
0.000000000000000000e+00
0.000000000000000000e+00
0.000000000000000000e+00
3.209201422318070176e-06
9.627604266954210529e-06
3.900414036355808524e-05
2.537737740109981960e-04
7.325125677264930808e-03
1.010029495029687585e-01
3.912085655067131795e-01
3.910814317580597610e-01
1.016188693144059602e-01
7.239958408749566643e-03
2.162508035346638266e-04
1.234308239353104012e-06
0.000000000000000000e+00
0.000000000000000000e+00
0.000000000000000000e+00
0.000000000000000000e+00
0.000000000000000000e+00
0.000000000000000000e+00
0.000000000000000000e+00
