0.000000000000000000e+00
7.405849436118623647e-07
1.481169887223724729e-06
2.221754830835587306e-06
3.456063070188691317e-06
4.690371309541795329e-06
1.258994404140166083e-05
2.493302643493270010e-05
2.888281280086263565e-04
7.413749008850483574e-03
1.009730792435764163e-01
3.903840476028253015e-01
3.922508153840228995e-01
1.010755268274427243e-01
7.399924756569729173e-03
1.636692725382215858e-04
2.468616478706208235e-07
0.000000000000000000e+00
0.000000000000000000e+00
0.000000000000000000e+00
0.000000000000000000e+00
0.000000000000000000e+00
0.000000000000000000e+00
0.000000000000000000e+00
