0.000000000000000000e+00
0.000000000000000000e+00
0.000000000000000000e+00
0.000000000000000000e+00
0.000000000000000000e+00
2.221754830835587306e-06
1.012132756269545196e-05
3.530121564549877194e-05
2.315562257026423161e-04
7.219468891976305036e-03
1.013125140093985160e-01
3.897859018300347533e-01
3.930743458413192837e-01
1.009009956423981974e-01
7.225887294820941380e-03
1.992173498315909827e-04
2.468616478706208023e-06
0.000000000000000000e+00
0.000000000000000000e+00
0.000000000000000000e+00
0.000000000000000000e+00
0.000000000000000000e+00
0.000000000000000000e+00
0.000000000000000000e+00
