0.000000000000000000e+00
0.000000000000000000e+00
0.000000000000000000e+00
0.000000000000000000e+00
0.000000000000000000e+00
4.937232957412416470e-07
7.405849436118624070e-06
2.221754830835587306e-05
2.202005899005937445e-04
7.350799288643475315e-03
1.019299149907229446e-01
3.901275583506876865e-01
3.908965323838046735e-01
1.018963418066125282e-01
7.437447727046063786e-03
1.110877415417793585e-04
0.000000000000000000e+00
0.000000000000000000e+00
0.000000000000000000e+00
0.000000000000000000e+00
0.000000000000000000e+00
0.000000000000000000e+00
0.000000000000000000e+00
0.000000000000000000e+00
