1.974893182964966588e-06
4.196648013800553894e-06
3.209201422318070176e-06
4.196648013800553894e-06
6.912126140377382635e-06
1.333052898501352383e-05
3.678238553272250133e-05
7.504594095266872527e-05
3.458531686667397245e-04
7.760342762460835722e-03
1.014833422697249826e-01
3.881682174515385664e-01
3.925732166961419245e-01
1.021999816334933919e-01
7.132079868630105714e-03
1.807027262412944297e-04
7.405849436118624070e-06
0.000000000000000000e+00
0.000000000000000000e+00
0.000000000000000000e+00
0.000000000000000000e+00
0.000000000000000000e+00
0.000000000000000000e+00
0.000000000000000000e+00
