0.000000000000000000e+00
2.468616478706208235e-07
1.974893182964966588e-06
1.974893182964966588e-06
5.677817901024278200e-06
1.135563580204855640e-05
2.048951677326152549e-05
6.492461338997327161e-05
3.327695013295968256e-04
7.901300763394960083e-03
1.011532882465219635e-01
3.885982504421292005e-01
3.920017319813214329e-01
1.024406717401672579e-01
7.285380951957761038e-03
1.747780466923995121e-04
5.184094605283036764e-06
0.000000000000000000e+00
0.000000000000000000e+00
0.000000000000000000e+00
0.000000000000000000e+00
0.000000000000000000e+00
0.000000000000000000e+00
0.000000000000000000e+00
