0.000000000000000000e+00
0.000000000000000000e+00
0.000000000000000000e+00
0.000000000000000000e+00
7.405849436118623647e-07
5.924679548894898917e-06
1.950207018177904262e-05
5.850621054533713125e-05
3.172172175137477450e-04
7.737878352504608953e-03
1.017408189684540498e-01
3.889712583920617028e-01
3.921631794990288467e-01
1.013248570917920505e-01
7.491510427929729682e-03
1.671253356084102673e-04
1.481169887223724729e-06
0.000000000000000000e+00
0.000000000000000000e+00
0.000000000000000000e+00
0.000000000000000000e+00
0.000000000000000000e+00
0.000000000000000000e+00
0.000000000000000000e+00
