0.000000000000000000e+00
0.000000000000000000e+00
0.000000000000000000e+00
0.000000000000000000e+00
0.000000000000000000e+00
9.874465914824832940e-07
9.627604266954210529e-06
3.702924718059311950e-05
2.957402541490037197e-04
7.425104644652531956e-03
1.007444853576482113e-01
3.910848878211299895e-01
3.914142012593893605e-01
1.014312544620242784e-01
7.380422686387950147e-03
1.745311850445288940e-04
1.728031535094345659e-06
0.000000000000000000e+00
0.000000000000000000e+00
0.000000000000000000e+00
0.000000000000000000e+00
0.000000000000000000e+00
0.000000000000000000e+00
0.000000000000000000e+00
