0.000000000000000000e+00
0.000000000000000000e+00
0.000000000000000000e+00
0.000000000000000000e+00
2.468616478706208023e-06
9.627604266954210529e-06
2.172382501261462993e-05
4.566940485606485055e-05
2.991963172191924284e-04
7.524096165448651390e-03
1.012315433888969496e-01
3.900374538492149545e-01
3.918706484463021500e-01
1.014784050367675688e-01
7.320682167603259627e-03
1.572508696935854590e-04
1.234308239353104012e-06
0.000000000000000000e+00
0.000000000000000000e+00
0.000000000000000000e+00
0.000000000000000000e+00
0.000000000000000000e+00
0.000000000000000000e+00
0.000000000000000000e+00
