0.000000000000000000e+00
0.000000000000000000e+00
0.000000000000000000e+00
0.000000000000000000e+00
0.000000000000000000e+00
2.468616478706208235e-07
4.443509661671174611e-06
1.481169887223724814e-05
2.357528737164428523e-04
7.534464354659217190e-03
1.013799072392671946e-01
3.906358464836532929e-01
3.908466663309348443e-01
1.019264589276527438e-01
7.272297284620618356e-03
1.481169887223724780e-04
9.874465914824832940e-07
0.000000000000000000e+00
0.000000000000000000e+00
0.000000000000000000e+00
0.000000000000000000e+00
0.000000000000000000e+00
0.000000000000000000e+00
0.000000000000000000e+00
