1.481169887223724729e-06
2.715478126576828741e-06
2.715478126576828741e-06
3.702924718059312035e-06
6.418402844636140353e-06
5.677817901024278200e-06
1.308366733714290227e-05
3.480749234975753559e-05
2.318030873505129343e-04
7.553225839897384497e-03
1.013589239991982000e-01
3.901011441543655311e-01
3.910634108577652479e-01
1.022439230068143690e-01
7.225887294820941380e-03
1.451546489479250328e-04
4.196648013800553894e-06
0.000000000000000000e+00
0.000000000000000000e+00
0.000000000000000000e+00
0.000000000000000000e+00
0.000000000000000000e+00
0.000000000000000000e+00
0.000000000000000000e+00
