7.405849436118623647e-07
1.234308239353104012e-06
1.728031535094345659e-06
1.234308239353104012e-06
1.234308239353104012e-06
4.196648013800553894e-06
1.505856052010786801e-05
3.554807729336939689e-05
2.621670700385992682e-04
7.714673357604770465e-03
1.024878223149105483e-01
3.893442663419942051e-01
3.897133245055607875e-01
1.029195833370362551e-01
7.327841155391507690e-03
1.619412410031272314e-04
2.221754830835587306e-06
0.000000000000000000e+00
0.000000000000000000e+00
0.000000000000000000e+00
0.000000000000000000e+00
0.000000000000000000e+00
0.000000000000000000e+00
0.000000000000000000e+00
