0.000000000000000000e+00
7.405849436118623647e-07
1.728031535094345659e-06
1.728031535094345659e-06
2.221754830835587306e-06
1.974893182964966588e-06
7.158987788248003352e-06
2.715478126576828741e-05
2.720415359534241037e-04
7.889204542649299115e-03
1.015894927783093510e-01
3.889189237227131390e-01
3.920436984614594778e-01
1.018190741108290359e-01
7.285874675253501895e-03
1.387362461032888789e-04
2.468616478706208235e-07
0.000000000000000000e+00
0.000000000000000000e+00
0.000000000000000000e+00
0.000000000000000000e+00
0.000000000000000000e+00
0.000000000000000000e+00
0.000000000000000000e+00
