0.000000000000000000e+00
0.000000000000000000e+00
0.000000000000000000e+00
0.000000000000000000e+00
7.405849436118623647e-07
4.443509661671174611e-06
9.380742619083590658e-06
4.517568156032360742e-05
2.930247760224268926e-04
7.524589888744392246e-03
1.002910005105098895e-01
3.903410936760958183e-01
3.933816885929182217e-01
1.009380248895787868e-01
7.028644838172315099e-03
1.419454475256069694e-04
2.468616478706208235e-07
0.000000000000000000e+00
0.000000000000000000e+00
0.000000000000000000e+00
0.000000000000000000e+00
0.000000000000000000e+00
0.000000000000000000e+00
0.000000000000000000e+00
