0.000000000000000000e+00
0.000000000000000000e+00
0.000000000000000000e+00
0.000000000000000000e+00
1.234308239353104012e-06
9.133880971212969094e-06
2.468616478706207854e-05
7.504594095266872527e-05
4.085560272258774461e-04
8.151371612687897950e-03
1.028166420298742140e-01
3.874110927775193947e-01
3.903396125062085775e-01
1.030252401223248904e-01
7.571493601839810079e-03
1.599663478201622860e-04
5.924679548894898917e-06
0.000000000000000000e+00
0.000000000000000000e+00
0.000000000000000000e+00
0.000000000000000000e+00
0.000000000000000000e+00
0.000000000000000000e+00
0.000000000000000000e+00
