0.000000000000000000e+00
0.000000000000000000e+00
0.000000000000000000e+00
0.000000000000000000e+00
0.000000000000000000e+00
3.209201422318070176e-06
1.333052898501352383e-05
3.826355541994622394e-05
2.473553711663620150e-04
7.456702935579971950e-03
1.002492808920197598e-01
3.911900508831228640e-01
3.925184134103146816e-01
1.009296315935511862e-01
7.213544212427410417e-03
1.379956611596770244e-04
2.221754830835587306e-06
0.000000000000000000e+00
0.000000000000000000e+00
0.000000000000000000e+00
0.000000000000000000e+00
0.000000000000000000e+00
0.000000000000000000e+00
0.000000000000000000e+00
