0.000000000000000000e+00
9.874465914824832940e-07
1.234308239353104012e-06
1.728031535094345659e-06
1.728031535094345659e-06
5.430956253153657482e-06
7.158987788248003352e-06
1.604600711159035088e-05
2.369871819557959702e-04
7.386594227584715629e-03
1.014742083887537755e-01
3.907057083300006783e-01
3.922582212334590479e-01
1.003734523008986690e-01
7.358945723023205959e-03
1.671253356084102673e-04
4.443509661671174611e-06
0.000000000000000000e+00
0.000000000000000000e+00
0.000000000000000000e+00
0.000000000000000000e+00
0.000000000000000000e+00
0.000000000000000000e+00
0.000000000000000000e+00
