0.000000000000000000e+00
7.405849436118623647e-07
2.962339774447449459e-06
4.690371309541795329e-06
6.418402844636140353e-06
9.627604266954210529e-06
2.246440995622649123e-05
5.060663781347726151e-05
3.130205694999471547e-04
7.785028927247897648e-03
1.017215637599201417e-01
3.898365084678482306e-01
3.903275162854629166e-01
1.023685881389890390e-01
7.352527320178569616e-03
1.969955950007553920e-04
7.405849436118623647e-07
0.000000000000000000e+00
0.000000000000000000e+00
0.000000000000000000e+00
0.000000000000000000e+00
0.000000000000000000e+00
0.000000000000000000e+00
0.000000000000000000e+00
