0.000000000000000000e+00
0.000000000000000000e+00
1.481169887223724729e-06
1.481169887223724729e-06
1.481169887223724729e-06
4.937232957412416047e-06
1.407111392862538514e-05
4.295392672948801673e-05
3.382004575827504797e-04
7.885995341226982244e-03
1.006025399101226070e-01
3.905237712955200724e-01
3.914830756591453076e-01
1.014406352046433729e-01
7.463368200072478288e-03
1.955144251135316829e-04
4.937232957412416470e-07
0.000000000000000000e+00
0.000000000000000000e+00
0.000000000000000000e+00
0.000000000000000000e+00
0.000000000000000000e+00
0.000000000000000000e+00
0.000000000000000000e+00
