2.221754830835587306e-06
7.405849436118623647e-07
1.974893182964966588e-06
6.912126140377382635e-06
7.652711083989244788e-06
1.012132756269545196e-05
2.172382501261462993e-05
6.739322986867948048e-05
3.799200760728854123e-04
7.676409802184824133e-03
1.010138114154750660e-01
3.896995002532800401e-01
3.911154986654659105e-01
1.024068516944089818e-01
7.385606780993233048e-03
1.955144251135316829e-04
4.937232957412416047e-06
9.874465914824832940e-07
0.000000000000000000e+00
0.000000000000000000e+00
0.000000000000000000e+00
0.000000000000000000e+00
0.000000000000000000e+00
0.000000000000000000e+00
