1.974893182964966588e-06
1.974893182964966588e-06
3.456063070188691317e-06
6.418402844636140353e-06
8.887019323342349223e-06
1.209622074566041940e-05
3.431376905401629246e-05
6.171541196765519465e-05
4.312672988299745352e-04
7.642096033130808125e-03
1.004361551594578073e-01
3.902793782641281184e-01
3.925221163350327558e-01
1.012159911050811018e-01
7.171824593937275484e-03
1.678659205520221490e-04
2.468616478706208235e-07
0.000000000000000000e+00
0.000000000000000000e+00
0.000000000000000000e+00
0.000000000000000000e+00
0.000000000000000000e+00
0.000000000000000000e+00
0.000000000000000000e+00
