0.000000000000000000e+00
0.000000000000000000e+00
0.000000000000000000e+00
1.728031535094345659e-06
4.443509661671174611e-06
9.133880971212969094e-06
2.888281280086263497e-05
5.381583923579533169e-05
2.767319072629659303e-04
7.667029059565740913e-03
1.018649903773329729e-01
3.888322752843105801e-01
3.917284561371286999e-01
1.021311072337375003e-01
7.220456338567787617e-03
1.769998015232351028e-04
3.949786365929933176e-06
0.000000000000000000e+00
0.000000000000000000e+00
0.000000000000000000e+00
0.000000000000000000e+00
0.000000000000000000e+00
0.000000000000000000e+00
0.000000000000000000e+00
