0.000000000000000000e+00
0.000000000000000000e+00
0.000000000000000000e+00
0.000000000000000000e+00
0.000000000000000000e+00
0.000000000000000000e+00
1.974893182964966588e-06
1.678659205520221558e-05
2.051420293804858731e-04
7.691468362704931977e-03
1.022175088104922136e-01
3.894736218454784571e-01
3.898668724505363059e-01
1.030269681538599769e-01
7.330062910222343714e-03
1.676190589041515308e-04
1.974893182964966588e-06
0.000000000000000000e+00
0.000000000000000000e+00
0.000000000000000000e+00
0.000000000000000000e+00
0.000000000000000000e+00
0.000000000000000000e+00
0.000000000000000000e+00
