0.000000000000000000e+00
0.000000000000000000e+00
0.000000000000000000e+00
0.000000000000000000e+00
2.468616478706208235e-07
5.677817901024278200e-06
1.703345370307283375e-05
4.566940485606485055e-05
3.307946081466318802e-04
7.576677696445093847e-03
1.006141424075725349e-01
3.900853450089018515e-01
3.925307564927081883e-01
1.014139741466733441e-01
7.232552559313447718e-03
1.471295421308900053e-04
0.000000000000000000e+00
0.000000000000000000e+00
0.000000000000000000e+00
0.000000000000000000e+00
0.000000000000000000e+00
0.000000000000000000e+00
0.000000000000000000e+00
0.000000000000000000e+00
