0.000000000000000000e+00
0.000000000000000000e+00
0.000000000000000000e+00
0.000000000000000000e+00
0.000000000000000000e+00
3.456063070188691317e-06
7.652711083989244788e-06
1.876148523816718132e-05
2.392089367866315609e-04
7.255510692565416211e-03
1.001668291016309664e-01
3.914764103946527518e-01
3.926465346055595385e-01
1.011747652098867051e-01
6.852385621592692148e-03
1.567571463978441955e-04
1.728031535094345659e-06
0.000000000000000000e+00
0.000000000000000000e+00
0.000000000000000000e+00
0.000000000000000000e+00
0.000000000000000000e+00
0.000000000000000000e+00
0.000000000000000000e+00
