0.000000000000000000e+00
0.000000000000000000e+00
4.937232957412416470e-07
2.715478126576828741e-06
6.418402844636140353e-06
1.012132756269545196e-05
1.802090029455531662e-05
3.505435399762815376e-05
2.853720649384376478e-04
7.576183973149352123e-03
1.017975971474642805e-01
3.896725923336621378e-01
3.910868627143129217e-01
1.019824965217193818e-01
7.314510626406494145e-03
2.051420293804858731e-04
4.937232957412416047e-06
1.481169887223724729e-06
0.000000000000000000e+00
0.000000000000000000e+00
0.000000000000000000e+00
0.000000000000000000e+00
0.000000000000000000e+00
0.000000000000000000e+00
