0.000000000000000000e+00
0.000000000000000000e+00
0.000000000000000000e+00
2.468616478706208235e-07
1.728031535094345659e-06
5.430956253153657482e-06
1.258994404140166083e-05
3.431376905401629246e-05
3.288197149636668806e-04
7.726275855054689709e-03
1.011685936686899379e-01
3.898814372877607015e-01
3.915939165390391885e-01
1.018096933682099414e-01
7.281924888887572438e-03
1.547822532148792501e-04
2.468616478706208235e-07
0.000000000000000000e+00
0.000000000000000000e+00
0.000000000000000000e+00
0.000000000000000000e+00
0.000000000000000000e+00
0.000000000000000000e+00
0.000000000000000000e+00
