9.874465914824832940e-07
1.481169887223724729e-06
1.974893182964966588e-06
1.481169887223724729e-06
4.196648013800553894e-06
9.874465914824832093e-06
2.098324006900276862e-05
6.689950657293823057e-05
3.243762053019957534e-04
7.762811378939541741e-03
1.008136066190519903e-01
3.896247011739752408e-01
3.919271797636645349e-01
1.016874968525139922e-01
7.633702737103206619e-03
1.170124210906742625e-04
1.234308239353104012e-06
0.000000000000000000e+00
0.000000000000000000e+00
0.000000000000000000e+00
0.000000000000000000e+00
0.000000000000000000e+00
0.000000000000000000e+00
0.000000000000000000e+00
