0.000000000000000000e+00
0.000000000000000000e+00
0.000000000000000000e+00
0.000000000000000000e+00
0.000000000000000000e+00
4.196648013800553894e-06
1.431797557649600670e-05
3.653552388485187637e-05
2.315562257026423161e-04
7.013833139300078116e-03
1.006274729365575493e-01
3.918057238329121783e-01
3.927578692087491663e-01
1.001374525655343573e-01
7.189598632583960210e-03
1.807027262412944297e-04
7.405849436118623647e-07
0.000000000000000000e+00
0.000000000000000000e+00
0.000000000000000000e+00
0.000000000000000000e+00
0.000000000000000000e+00
0.000000000000000000e+00
0.000000000000000000e+00
