0.000000000000000000e+00
0.000000000000000000e+00
0.000000000000000000e+00
0.000000000000000000e+00
0.000000000000000000e+00
2.468616478706208023e-06
1.382425228075476527e-05
3.159829092743946541e-05
2.673511646438823312e-04
7.348577533812640158e-03
1.008294057645157116e-01
3.907607584774758225e-01
3.923527692445935022e-01
1.010987318223425524e-01
7.109615458673878945e-03
1.821838961285181387e-04
2.715478126576828741e-06
0.000000000000000000e+00
0.000000000000000000e+00
0.000000000000000000e+00
0.000000000000000000e+00
0.000000000000000000e+00
0.000000000000000000e+00
0.000000000000000000e+00
