0.000000000000000000e+00
0.000000000000000000e+00
0.000000000000000000e+00
0.000000000000000000e+00
1.234308239353104012e-06
2.221754830835587306e-06
7.652711083989244788e-06
2.715478126576828741e-05
2.406901066738552700e-04
7.594451735091778573e-03
1.016346684598696815e-01
3.901623658430374841e-01
3.911609212086741283e-01
1.017326725340743088e-01
7.290565046563043938e-03
1.449077873000544146e-04
4.937232957412416470e-07
0.000000000000000000e+00
0.000000000000000000e+00
0.000000000000000000e+00
0.000000000000000000e+00
0.000000000000000000e+00
0.000000000000000000e+00
0.000000000000000000e+00
