0.000000000000000000e+00
0.000000000000000000e+00
0.000000000000000000e+00
0.000000000000000000e+00
1.728031535094345659e-06
1.728031535094345659e-06
1.061505085843669509e-05
4.097903354652305099e-05
3.263510984849606988e-04
7.728497609885525733e-03
1.007412761562258979e-01
3.905432733657018263e-01
3.910898250540874033e-01
1.021335758502162072e-01
7.224159263285847080e-03
1.562634231021029592e-04
1.728031535094345659e-06
0.000000000000000000e+00
0.000000000000000000e+00
0.000000000000000000e+00
0.000000000000000000e+00
0.000000000000000000e+00
0.000000000000000000e+00
0.000000000000000000e+00
