4.937232957412416470e-07
2.221754830835587306e-06
4.937232957412416047e-06
7.158987788248003352e-06
1.036818921056607353e-05
1.308366733714290227e-05
2.542674973067394323e-05
6.294972020700829909e-05
3.290665766115375259e-04
7.684556236564554776e-03
1.010439285365152817e-01
3.900186923639767378e-01
3.909747875261797012e-01
1.022007222184370123e-01
7.423870336413179380e-03
1.772466631711057210e-04
1.184935909778979783e-05
0.000000000000000000e+00
0.000000000000000000e+00
0.000000000000000000e+00
0.000000000000000000e+00
0.000000000000000000e+00
0.000000000000000000e+00
0.000000000000000000e+00
