0.000000000000000000e+00
0.000000000000000000e+00
1.481169887223724729e-06
2.468616478706208023e-06
4.443509661671174611e-06
2.962339774447449459e-06
1.431797557649600670e-05
4.295392672948801673e-05
2.784599387980602847e-04
7.461640168537383988e-03
1.006736360647093459e-01
3.905533946932645550e-01
3.920165436801936742e-01
1.017297101942998688e-01
7.079745199281534118e-03
1.377487995118064062e-04
4.937232957412416470e-07
0.000000000000000000e+00
0.000000000000000000e+00
0.000000000000000000e+00
0.000000000000000000e+00
0.000000000000000000e+00
0.000000000000000000e+00
0.000000000000000000e+00
