1.728031535094345659e-06
2.221754830835587306e-06
2.221754830835587306e-06
4.690371309541795329e-06
6.912126140377382635e-06
8.887019323342349223e-06
1.505856052010786801e-05
4.048531025078180786e-05
2.522926041237744327e-04
7.470527187860726351e-03
1.019020196245135623e-01
3.907247166768867408e-01
3.896005087324839189e-01
1.025288013484570715e-01
7.218975168680564179e-03
2.127947404644751179e-04
4.937232957412416047e-06
0.000000000000000000e+00
0.000000000000000000e+00
0.000000000000000000e+00
0.000000000000000000e+00
0.000000000000000000e+00
0.000000000000000000e+00
0.000000000000000000e+00
