0.000000000000000000e+00
0.000000000000000000e+00
0.000000000000000000e+00
0.000000000000000000e+00
1.481169887223724729e-06
1.110877415417793653e-05
2.789536620938014872e-05
7.603338754415121152e-05
4.097903354652305099e-04
8.012388504936738751e-03
1.014065682972372234e-01
3.891277686768117028e-01
3.909244277500140696e-01
1.025989100564523165e-01
7.227615326356035680e-03
1.737906001009170394e-04
2.221754830835587306e-06
0.000000000000000000e+00
0.000000000000000000e+00
0.000000000000000000e+00
0.000000000000000000e+00
0.000000000000000000e+00
0.000000000000000000e+00
0.000000000000000000e+00
