0.000000000000000000e+00
1.234308239353104012e-06
3.702924718059312035e-06
4.443509661671174611e-06
8.640157675471727658e-06
7.652711083989244788e-06
1.999579347752028575e-05
5.554387077088967926e-05
3.364724260476561254e-04
7.703564583450592945e-03
1.019257183427091373e-01
3.892270070592556697e-01
3.909646661986169724e-01
1.021780109468329173e-01
7.389062844063421648e-03
1.710751219743402124e-04
3.209201422318070176e-06
0.000000000000000000e+00
0.000000000000000000e+00
0.000000000000000000e+00
0.000000000000000000e+00
0.000000000000000000e+00
0.000000000000000000e+00
0.000000000000000000e+00
