0.000000000000000000e+00
0.000000000000000000e+00
0.000000000000000000e+00
0.000000000000000000e+00
0.000000000000000000e+00
3.456063070188691317e-06
1.308366733714290227e-05
3.085770598382759733e-05
2.873469581214025933e-04
7.535451801250699772e-03
1.021113583019078452e-01
3.889421287176129671e-01
3.911429003083795597e-01
1.022273832764070411e-01
7.529280260053934290e-03
1.765060782274938665e-04
2.468616478706208235e-07
0.000000000000000000e+00
0.000000000000000000e+00
0.000000000000000000e+00
0.000000000000000000e+00
0.000000000000000000e+00
0.000000000000000000e+00
0.000000000000000000e+00
