0.000000000000000000e+00
0.000000000000000000e+00
0.000000000000000000e+00
0.000000000000000000e+00
0.000000000000000000e+00
0.000000000000000000e+00
3.209201422318070176e-06
1.826776194242593819e-05
2.160039418867932084e-04
7.142201196192800652e-03
9.942451612648400827e-02
3.916894519967651367e-01
3.947317749451226820e-01
9.974765802354665367e-02
6.908176354011452344e-03
1.187404526257686033e-04
0.000000000000000000e+00
0.000000000000000000e+00
0.000000000000000000e+00
0.000000000000000000e+00
0.000000000000000000e+00
0.000000000000000000e+00
0.000000000000000000e+00
0.000000000000000000e+00
