0.000000000000000000e+00
0.000000000000000000e+00
0.000000000000000000e+00
1.481169887223724729e-06
1.974893182964966588e-06
2.221754830835587306e-06
8.393296027601107788e-06
3.061084433595697915e-05
2.362465970121841157e-04
7.326359985504284252e-03
1.008200250218966310e-01
3.906094322873311375e-01
3.928062540917318102e-01
1.007136276516643891e-01
7.287108983492855338e-03
1.520667750883024230e-04
2.962339774447449459e-06
1.234308239353104012e-06
0.000000000000000000e+00
0.000000000000000000e+00
0.000000000000000000e+00
0.000000000000000000e+00
0.000000000000000000e+00
0.000000000000000000e+00
