0.000000000000000000e+00
0.000000000000000000e+00
0.000000000000000000e+00
1.481169887223724729e-06
1.481169887223724729e-06
4.196648013800553894e-06
4.937232957412416047e-06
1.925520853390842106e-05
2.002047964230734554e-04
7.435225972215227762e-03
1.009046985671162577e-01
3.902109975876679737e-01
3.924428737460662342e-01
1.013799072392671946e-01
7.245883088298461262e-03
1.488575736659843325e-04
0.000000000000000000e+00
0.000000000000000000e+00
0.000000000000000000e+00
0.000000000000000000e+00
0.000000000000000000e+00
0.000000000000000000e+00
0.000000000000000000e+00
0.000000000000000000e+00
