0.000000000000000000e+00
0.000000000000000000e+00
0.000000000000000000e+00
1.234308239353104012e-06
2.221754830835587306e-06
7.652711083989244788e-06
2.320499489983835593e-05
5.579073241876029743e-05
3.048741351202166735e-04
7.733187981195066910e-03
1.017600741769879580e-01
3.888075891195235112e-01
3.912766993215254230e-01
1.024525210992650454e-01
7.399184171626117454e-03
1.735437384530464212e-04
2.221754830835587306e-06
0.000000000000000000e+00
0.000000000000000000e+00
0.000000000000000000e+00
0.000000000000000000e+00
0.000000000000000000e+00
0.000000000000000000e+00
0.000000000000000000e+00
