0.000000000000000000e+00
0.000000000000000000e+00
0.000000000000000000e+00
0.000000000000000000e+00
9.874465914824832940e-07
2.221754830835587306e-06
2.221754830835587306e-06
1.555228381584911114e-05
2.384683518430196793e-04
7.368079603994419184e-03
1.006042679416577074e-01
3.914203728005861693e-01
3.923927608315485038e-01
1.008178032670657975e-01
7.006427289863959192e-03
1.308366733714290159e-04
0.000000000000000000e+00
0.000000000000000000e+00
0.000000000000000000e+00
0.000000000000000000e+00
0.000000000000000000e+00
0.000000000000000000e+00
0.000000000000000000e+00
0.000000000000000000e+00
