0.000000000000000000e+00
0.000000000000000000e+00
0.000000000000000000e+00
0.000000000000000000e+00
7.405849436118623647e-07
2.468616478706208023e-06
6.665264492506761917e-06
4.048531025078180786e-05
2.725352592491653400e-04
7.414736455441966155e-03
1.020007642836618100e-01
3.890302583259028224e-01
3.911917789146579505e-01
1.027178973707259663e-01
7.196510758724337410e-03
1.251588554704047437e-04
0.000000000000000000e+00
0.000000000000000000e+00
0.000000000000000000e+00
0.000000000000000000e+00
0.000000000000000000e+00
0.000000000000000000e+00
0.000000000000000000e+00
0.000000000000000000e+00
