1.234308239353104012e-06
9.874465914824832940e-07
2.468616478706208023e-06
2.715478126576828741e-06
6.171541196765519635e-06
1.258994404140166083e-05
2.443930313919146036e-05
5.184094605283036595e-05
2.942590842617800106e-04
7.663326134847681451e-03
1.007215272243962567e-01
3.905553695864474872e-01
3.916319332328112579e-01
1.014258235057711316e-01
7.420661134990860774e-03
1.836650660157418749e-04
0.000000000000000000e+00
0.000000000000000000e+00
0.000000000000000000e+00
0.000000000000000000e+00
0.000000000000000000e+00
0.000000000000000000e+00
0.000000000000000000e+00
0.000000000000000000e+00
