0.000000000000000000e+00
0.000000000000000000e+00
0.000000000000000000e+00
0.000000000000000000e+00
0.000000000000000000e+00
2.221754830835587306e-06
9.874465914824832093e-06
3.505435399762815376e-05
2.493302643493270146e-04
7.481142238719163014e-03
1.009419746759447206e-01
3.913951929125033535e-01
3.913023729329039857e-01
1.012826437500061738e-01
7.167874807571345160e-03
1.310835350192996341e-04
1.234308239353104012e-06
0.000000000000000000e+00
0.000000000000000000e+00
0.000000000000000000e+00
0.000000000000000000e+00
0.000000000000000000e+00
0.000000000000000000e+00
0.000000000000000000e+00
