7.405849436118623647e-07
2.715478126576828741e-06
4.937232957412416470e-07
2.468616478706208023e-06
2.715478126576828741e-06
1.086191250630731496e-05
2.320499489983835593e-05
7.702083413563368423e-05
4.265769275204327627e-04
7.981530798952911343e-03
1.013863256421118353e-01
3.884558112713078493e-01
3.912717620885680092e-01
1.029222988151628354e-01
7.259707340579216531e-03
1.720625685658226851e-04
1.974893182964966588e-06
0.000000000000000000e+00
0.000000000000000000e+00
0.000000000000000000e+00
0.000000000000000000e+00
0.000000000000000000e+00
0.000000000000000000e+00
0.000000000000000000e+00
