0.000000000000000000e+00
0.000000000000000000e+00
1.481169887223724729e-06
4.196648013800553894e-06
4.196648013800553894e-06
1.357739063288414370e-05
2.616733467428580454e-05
6.344344350274954900e-05
3.421502439486804248e-04
7.776388769572426148e-03
1.008373053372475653e-01
3.900957131981123704e-01
3.911821513103910242e-01
1.021372787749342675e-01
7.373263698599702085e-03
1.407111392862538514e-04
1.974893182964966588e-06
0.000000000000000000e+00
0.000000000000000000e+00
0.000000000000000000e+00
0.000000000000000000e+00
0.000000000000000000e+00
0.000000000000000000e+00
0.000000000000000000e+00
