0.000000000000000000e+00
0.000000000000000000e+00
1.234308239353104012e-06
3.456063070188691317e-06
5.677817901024278200e-06
6.418402844636140353e-06
1.234308239353103927e-05
3.702924718059311950e-05
2.777193538544484031e-04
7.455221765692748512e-03
1.006459875601478371e-01
3.910720510154406804e-01
3.927951453175776431e-01
1.005640294930547907e-01
6.981494263429026403e-03
1.409580009341244696e-04
1.234308239353104012e-06
0.000000000000000000e+00
0.000000000000000000e+00
0.000000000000000000e+00
0.000000000000000000e+00
0.000000000000000000e+00
0.000000000000000000e+00
0.000000000000000000e+00
