0.000000000000000000e+00
0.000000000000000000e+00
0.000000000000000000e+00
0.000000000000000000e+00
3.456063070188691317e-06
5.184094605283036764e-06
1.036818921056607353e-05
2.937653609660387472e-05
2.315562257026423161e-04
7.438928896933287224e-03
1.008802592639770623e-01
3.910091012952336964e-01
3.919454475256069492e-01
1.012172254133204552e-01
7.068636425127355731e-03
1.582383162850679317e-04
2.221754830835587306e-06
0.000000000000000000e+00
0.000000000000000000e+00
0.000000000000000000e+00
0.000000000000000000e+00
0.000000000000000000e+00
0.000000000000000000e+00
0.000000000000000000e+00
