9.874465914824832940e-07
1.481169887223724729e-06
1.974893182964966588e-06
9.874465914824832940e-07
2.221754830835587306e-06
8.640157675471727658e-06
2.345185654770897410e-05
6.665264492506761240e-05
3.438782754837747791e-04
7.443619268242829268e-03
1.008664350116963010e-01
3.899253786610816785e-01
3.923125307959905994e-01
1.018400573508980306e-01
7.026423083341479942e-03
1.342927364416177246e-04
9.874465914824832940e-07
0.000000000000000000e+00
0.000000000000000000e+00
0.000000000000000000e+00
0.000000000000000000e+00
0.000000000000000000e+00
0.000000000000000000e+00
0.000000000000000000e+00
