0.000000000000000000e+00
4.937232957412416470e-07
1.974893182964966588e-06
4.196648013800553894e-06
7.405849436118624070e-06
2.246440995622649123e-05
3.258573751892194489e-05
5.529700912301906108e-05
3.347443945125618252e-04
7.773673291445849266e-03
1.013125140093985160e-01
3.900399224656936337e-01
3.905459888438284066e-01
1.021792452550722707e-01
7.474476974226656675e-03
2.100792623378982908e-04
3.456063070188691317e-06
1.481169887223724729e-06
0.000000000000000000e+00
0.000000000000000000e+00
0.000000000000000000e+00
0.000000000000000000e+00
0.000000000000000000e+00
0.000000000000000000e+00
