0.000000000000000000e+00
0.000000000000000000e+00
0.000000000000000000e+00
0.000000000000000000e+00
0.000000000000000000e+00
7.405849436118623647e-07
5.677817901024278200e-06
2.246440995622649123e-05
2.861126498820495295e-04
7.550016638475066759e-03
1.010994724072861728e-01
3.893193333155592906e-01
3.933273790303866702e-01
1.009029705355811574e-01
7.321916475842613070e-03
1.629286875946097312e-04
9.874465914824832940e-07
0.000000000000000000e+00
0.000000000000000000e+00
0.000000000000000000e+00
0.000000000000000000e+00
0.000000000000000000e+00
0.000000000000000000e+00
0.000000000000000000e+00
