0.000000000000000000e+00
0.000000000000000000e+00
9.874465914824832940e-07
2.221754830835587306e-06
1.728031535094345659e-06
2.468616478706208023e-06
4.443509661671174611e-06
1.851462359029655975e-05
2.357528737164428523e-04
7.178983581725523547e-03
1.003638246966317149e-01
3.926006183390555737e-01
3.913517452624781234e-01
1.010066524276868188e-01
7.059502544156143373e-03
1.708282603264695942e-04
1.728031535094345659e-06
0.000000000000000000e+00
0.000000000000000000e+00
0.000000000000000000e+00
0.000000000000000000e+00
0.000000000000000000e+00
0.000000000000000000e+00
0.000000000000000000e+00
