0.000000000000000000e+00
1.234308239353104012e-06
1.234308239353104012e-06
3.949786365929933176e-06
3.456063070188691317e-06
5.430956253153657482e-06
8.887019323342349223e-06
3.949786365929932837e-05
2.784599387980602847e-04
7.675175493945471557e-03
1.015685095382403563e-01
3.901255834575047543e-01
3.911540090825337268e-01
1.014078026054765769e-01
7.571987325135551804e-03
1.547822532148792501e-04
0.000000000000000000e+00
0.000000000000000000e+00
0.000000000000000000e+00
0.000000000000000000e+00
0.000000000000000000e+00
0.000000000000000000e+00
0.000000000000000000e+00
0.000000000000000000e+00
