0.000000000000000000e+00
0.000000000000000000e+00
0.000000000000000000e+00
0.000000000000000000e+00
1.481169887223724729e-06
1.728031535094345659e-06
1.974893182964966588e-06
7.405849436118624070e-06
2.219286214356880988e-04
7.332778388348920595e-03
1.014534720103326404e-01
3.904025622264155615e-01
3.917938744738144186e-01
1.014238486125881716e-01
7.220703200215658479e-03
1.360207679767120518e-04
2.221754830835587306e-06
0.000000000000000000e+00
0.000000000000000000e+00
0.000000000000000000e+00
0.000000000000000000e+00
0.000000000000000000e+00
0.000000000000000000e+00
0.000000000000000000e+00
