2.468616478706208235e-07
3.209201422318070176e-06
3.949786365929933176e-06
5.184094605283036764e-06
6.171541196765519635e-06
1.234308239353103927e-05
2.172382501261462993e-05
5.258153099644222726e-05
2.305687791111598163e-04
7.568531262065363203e-03
1.016531830834599692e-01
3.890354424205080819e-01
3.911421597234359671e-01
1.025436130473292989e-01
7.546313713757007297e-03
1.691002287913752399e-04
5.677817901024278200e-06
0.000000000000000000e+00
0.000000000000000000e+00
0.000000000000000000e+00
0.000000000000000000e+00
0.000000000000000000e+00
0.000000000000000000e+00
0.000000000000000000e+00
