0.000000000000000000e+00
0.000000000000000000e+00
0.000000000000000000e+00
4.937232957412416470e-07
1.234308239353104012e-06
6.912126140377382635e-06
1.604600711159035088e-05
3.480749234975753559e-05
2.750038757278715760e-04
7.466083678199055169e-03
1.006854854238071334e-01
3.917583263965210283e-01
3.906417711632022005e-01
1.017420532766934033e-01
7.234280590848542886e-03
1.367613529203239335e-04
7.405849436118623647e-07
0.000000000000000000e+00
0.000000000000000000e+00
0.000000000000000000e+00
0.000000000000000000e+00
0.000000000000000000e+00
0.000000000000000000e+00
0.000000000000000000e+00
