0.000000000000000000e+00
0.000000000000000000e+00
0.000000000000000000e+00
1.728031535094345659e-06
1.974893182964966588e-06
5.677817901024278200e-06
1.184935909778979783e-05
3.530121564549877194e-05
2.816691402203783481e-04
7.426832676187627123e-03
1.011987107897301535e-01
3.893403165556282852e-01
3.918931128562583854e-01
1.022935421980363663e-01
7.372276252008219503e-03
1.362676296245826700e-04
7.405849436118623647e-07
0.000000000000000000e+00
0.000000000000000000e+00
0.000000000000000000e+00
0.000000000000000000e+00
0.000000000000000000e+00
0.000000000000000000e+00
0.000000000000000000e+00
