0.000000000000000000e+00
0.000000000000000000e+00
0.000000000000000000e+00
0.000000000000000000e+00
0.000000000000000000e+00
0.000000000000000000e+00
1.974893182964966588e-06
1.728031535094345532e-05
2.226692063792999534e-04
7.416464486977060455e-03
1.021345632968076872e-01
3.903294911786458488e-01
3.903146794797736630e-01
1.021353038817512937e-01
7.297477172703421139e-03
1.300960884278171614e-04
0.000000000000000000e+00
0.000000000000000000e+00
0.000000000000000000e+00
0.000000000000000000e+00
0.000000000000000000e+00
0.000000000000000000e+00
0.000000000000000000e+00
0.000000000000000000e+00
