0.000000000000000000e+00
0.000000000000000000e+00
1.481169887223724729e-06
3.456063070188691317e-06
6.418402844636140353e-06
9.380742619083590658e-06
1.777403864668469845e-05
4.986605286986540021e-05
3.559744962294352053e-04
7.917593632154421371e-03
1.007254770107621766e-01
3.893988227661736579e-01
3.924285557704897398e-01
1.017455093397635901e-01
7.215519105610375579e-03
1.234308239353103893e-04
7.405849436118623647e-07
0.000000000000000000e+00
0.000000000000000000e+00
0.000000000000000000e+00
0.000000000000000000e+00
0.000000000000000000e+00
0.000000000000000000e+00
0.000000000000000000e+00
