0.000000000000000000e+00
0.000000000000000000e+00
0.000000000000000000e+00
0.000000000000000000e+00
4.937232957412416470e-07
2.221754830835587306e-06
4.690371309541795329e-06
1.728031535094345532e-05
1.861336824944480838e-04
7.107146842195172926e-03
1.010737987959076239e-01
3.910787162799332362e-01
3.922446438428261462e-01
1.011187276158200810e-01
7.013833139300078116e-03
1.513261901446905414e-04
9.874465914824832940e-07
0.000000000000000000e+00
0.000000000000000000e+00
0.000000000000000000e+00
0.000000000000000000e+00
0.000000000000000000e+00
0.000000000000000000e+00
0.000000000000000000e+00
