1.728031535094345659e-06
1.234308239353104012e-06
1.481169887223724729e-06
1.728031535094345659e-06
3.949786365929933176e-06
5.924679548894898917e-06
1.160249744991917796e-05
2.493302643493270010e-05
2.663637180523998585e-04
7.233540005904930299e-03
1.012759784855136597e-01
3.906699133910594424e-01
3.919417446008888750e-01
1.012596856167542053e-01
7.155778586825685059e-03
1.419454475256069694e-04
4.937232957412416470e-07
0.000000000000000000e+00
0.000000000000000000e+00
0.000000000000000000e+00
0.000000000000000000e+00
0.000000000000000000e+00
0.000000000000000000e+00
0.000000000000000000e+00
