1.481169887223724729e-06
1.974893182964966588e-06
9.874465914824832940e-07
1.974893182964966588e-06
1.974893182964966588e-06
1.974893182964966588e-06
8.146434379730486223e-06
2.246440995622649123e-05
2.535269123631275507e-04
7.212309904188056973e-03
1.003122306122267576e-01
3.920330834106010021e-01
3.923949825863793373e-01
1.005645232163505376e-01
7.017042340722395855e-03
1.688533671435046217e-04
1.728031535094345659e-06
0.000000000000000000e+00
0.000000000000000000e+00
0.000000000000000000e+00
0.000000000000000000e+00
0.000000000000000000e+00
0.000000000000000000e+00
0.000000000000000000e+00
