4.937232957412416470e-07
1.234308239353104012e-06
2.221754830835587306e-06
2.962339774447449459e-06
5.430956253153657482e-06
9.874465914824832093e-06
1.283680568927228071e-05
3.875727871568746707e-05
2.772256305587071667e-04
7.612719497034204155e-03
1.011579786178315038e-01
3.885518404523295444e-01
3.941918885212296053e-01
1.007588033332247196e-01
7.211322457596574392e-03
1.644098574818334403e-04
0.000000000000000000e+00
0.000000000000000000e+00
0.000000000000000000e+00
0.000000000000000000e+00
0.000000000000000000e+00
0.000000000000000000e+00
0.000000000000000000e+00
0.000000000000000000e+00
