0.000000000000000000e+00
0.000000000000000000e+00
0.000000000000000000e+00
0.000000000000000000e+00
0.000000000000000000e+00
4.937232957412416470e-07
1.012132756269545196e-05
3.505435399762815376e-05
3.014180720500280190e-04
7.690480916113449396e-03
1.013747231446619074e-01
3.886170119273673618e-01
3.935878180688902050e-01
1.011098405964967334e-01
7.105418810660078625e-03
1.671253356084102673e-04
4.937232957412416470e-07
0.000000000000000000e+00
0.000000000000000000e+00
0.000000000000000000e+00
0.000000000000000000e+00
0.000000000000000000e+00
0.000000000000000000e+00
0.000000000000000000e+00
