0.000000000000000000e+00
0.000000000000000000e+00
1.234308239353104012e-06
2.221754830835587306e-06
5.184094605283036764e-06
7.158987788248003352e-06
2.567361137854456141e-05
5.332211594005409534e-05
3.211670038796776358e-04
7.784782065600026786e-03
1.007501631755492455e-01
3.909078880196067418e-01
3.908019843726702192e-01
1.018625217608542660e-01
7.304883022139540064e-03
1.708282603264695942e-04
9.874465914824832940e-07
0.000000000000000000e+00
0.000000000000000000e+00
0.000000000000000000e+00
0.000000000000000000e+00
0.000000000000000000e+00
0.000000000000000000e+00
0.000000000000000000e+00
