1.481169887223724729e-06
1.728031535094345659e-06
7.405849436118623647e-07
5.430956253153657482e-06
5.430956253153657482e-06
1.481169887223724814e-05
3.604180058911063324e-05
1.044224770492726000e-04
4.122589519439367458e-04
7.889204542649299115e-03
1.008805061256249358e-01
3.888932501113345763e-01
3.923574596159030148e-01
1.017452624781157167e-01
7.400171618217600035e-03
2.429118615046908607e-04
6.665264492506761917e-06
0.000000000000000000e+00
0.000000000000000000e+00
0.000000000000000000e+00
0.000000000000000000e+00
0.000000000000000000e+00
0.000000000000000000e+00
0.000000000000000000e+00
