0.000000000000000000e+00
0.000000000000000000e+00
2.468616478706208235e-07
1.728031535094345659e-06
1.481169887223724729e-06
4.937232957412416047e-06
1.728031535094345532e-05
3.332632246253380620e-05
2.680917495874942129e-04
7.261435372114310831e-03
1.008294057645157116e-01
3.912971888382987262e-01
3.913310088840569745e-01
1.013290537398058438e-01
7.453740595805524206e-03
1.651504424254453219e-04
5.924679548894898917e-06
0.000000000000000000e+00
0.000000000000000000e+00
0.000000000000000000e+00
0.000000000000000000e+00
0.000000000000000000e+00
0.000000000000000000e+00
0.000000000000000000e+00
