0.000000000000000000e+00
0.000000000000000000e+00
0.000000000000000000e+00
0.000000000000000000e+00
1.974893182964966588e-06
2.715478126576828741e-06
5.430956253153657482e-06
2.567361137854456141e-05
2.281001626324536075e-04
7.526811643575228271e-03
1.005662512478856241e-01
3.906612732333840099e-01
3.928662414721643681e-01
1.007938576872223491e-01
7.196263897076466548e-03
1.244182705267928891e-04
9.874465914824832940e-07
0.000000000000000000e+00
0.000000000000000000e+00
0.000000000000000000e+00
0.000000000000000000e+00
0.000000000000000000e+00
0.000000000000000000e+00
0.000000000000000000e+00
