0.000000000000000000e+00
0.000000000000000000e+00
0.000000000000000000e+00
0.000000000000000000e+00
1.974893182964966588e-06
2.715478126576828741e-06
8.887019323342349223e-06
1.777403864668469845e-05
1.787278330583294572e-04
7.019757818848972736e-03
9.990910554125403964e-02
3.924085599770122390e-01
3.930960696663319265e-01
1.003159335369448180e-01
6.875590616492530636e-03
1.646567191297040856e-04
2.468616478706208235e-07
0.000000000000000000e+00
0.000000000000000000e+00
0.000000000000000000e+00
0.000000000000000000e+00
0.000000000000000000e+00
0.000000000000000000e+00
0.000000000000000000e+00
