0.000000000000000000e+00
0.000000000000000000e+00
0.000000000000000000e+00
7.405849436118623647e-07
2.715478126576828741e-06
1.110877415417793653e-05
3.974472530716994655e-05
8.417982192388169266e-05
3.999158695504056744e-04
8.101505559818034108e-03
1.012730161457392197e-01
3.892084924356654096e-01
3.913068164425656525e-01
1.016467646806153424e-01
7.745284201940727878e-03
1.792215563540706935e-04
4.937232957412416470e-07
0.000000000000000000e+00
0.000000000000000000e+00
0.000000000000000000e+00
0.000000000000000000e+00
0.000000000000000000e+00
0.000000000000000000e+00
0.000000000000000000e+00
