0.000000000000000000e+00
0.000000000000000000e+00
0.000000000000000000e+00
0.000000000000000000e+00
0.000000000000000000e+00
1.481169887223724729e-06
2.715478126576828741e-06
5.430956253153657482e-06
2.211880364920762443e-04
7.337221898010591777e-03
1.006292009680926358e-01
3.921612046058458589e-01
3.914791258727793322e-01
1.010688615629502102e-01
6.934590550333608570e-03
1.567571463978441955e-04
2.221754830835587306e-06
0.000000000000000000e+00
0.000000000000000000e+00
0.000000000000000000e+00
0.000000000000000000e+00
0.000000000000000000e+00
0.000000000000000000e+00
0.000000000000000000e+00
