0.000000000000000000e+00
0.000000000000000000e+00
0.000000000000000000e+00
0.000000000000000000e+00
0.000000000000000000e+00
2.221754830835587306e-06
4.443509661671174611e-06
1.061505085843669509e-05
2.120541555208632634e-04
7.523355580505039671e-03
1.017398315218625560e-01
3.903746668602062209e-01
3.903559053749680041e-01
1.023490860688072573e-01
7.251067182903745030e-03
1.725562918615639485e-04
4.196648013800553894e-06
0.000000000000000000e+00
0.000000000000000000e+00
0.000000000000000000e+00
0.000000000000000000e+00
0.000000000000000000e+00
0.000000000000000000e+00
0.000000000000000000e+00
