0.000000000000000000e+00
0.000000000000000000e+00
0.000000000000000000e+00
0.000000000000000000e+00
2.468616478706208235e-07
5.677817901024278200e-06
1.505856052010786801e-05
3.431376905401629246e-05
2.527863274195157233e-04
7.307104776970375221e-03
1.004623224941321030e-01
3.916346487109378383e-01
3.917590669814646209e-01
1.013488026716354989e-01
7.000749471962935434e-03
1.777403864668469845e-04
1.481169887223724729e-06
0.000000000000000000e+00
0.000000000000000000e+00
0.000000000000000000e+00
0.000000000000000000e+00
0.000000000000000000e+00
0.000000000000000000e+00
0.000000000000000000e+00
