0.000000000000000000e+00
0.000000000000000000e+00
0.000000000000000000e+00
0.000000000000000000e+00
9.874465914824832940e-07
4.937232957412416047e-06
1.653973040733159401e-05
3.851041706781684212e-05
2.211880364920762443e-04
7.281924888887572438e-03
1.005645232163505376e-01
3.921377527492981852e-01
3.912557160814564283e-01
1.011782212729569058e-01
7.132326730277975708e-03
1.651504424254453219e-04
2.221754830835587306e-06
0.000000000000000000e+00
0.000000000000000000e+00
0.000000000000000000e+00
0.000000000000000000e+00
0.000000000000000000e+00
0.000000000000000000e+00
0.000000000000000000e+00
