1.481169887223724729e-06
1.728031535094345659e-06
9.874465914824832940e-07
1.234308239353104012e-06
1.481169887223724729e-06
2.468616478706208023e-06
1.431797557649600670e-05
4.468195826458236429e-05
2.451336163355264785e-04
7.465589954903314313e-03
1.015759153876764631e-01
3.904635370534396133e-01
3.905914113870366244e-01
1.017232917914552282e-01
7.681347035142237038e-03
1.762592165796232483e-04
3.456063070188691317e-06
0.000000000000000000e+00
0.000000000000000000e+00
0.000000000000000000e+00
0.000000000000000000e+00
0.000000000000000000e+00
0.000000000000000000e+00
0.000000000000000000e+00
