0.000000000000000000e+00
0.000000000000000000e+00
0.000000000000000000e+00
0.000000000000000000e+00
4.937232957412416470e-07
4.443509661671174611e-06
1.407111392862538514e-05
3.036398268808635759e-05
1.997110731273322190e-04
7.072833073141156050e-03
1.004467702103162552e-01
3.918627488735703102e-01
3.922796981968237895e-01
1.008047195997286566e-01
7.146150982558730977e-03
1.379956611596770244e-04
0.000000000000000000e+00
0.000000000000000000e+00
0.000000000000000000e+00
0.000000000000000000e+00
0.000000000000000000e+00
0.000000000000000000e+00
0.000000000000000000e+00
0.000000000000000000e+00
