0.000000000000000000e+00
0.000000000000000000e+00
0.000000000000000000e+00
0.000000000000000000e+00
0.000000000000000000e+00
2.468616478706208235e-07
2.715478126576828741e-06
1.184935909778979783e-05
2.179788350697581538e-04
6.967176287852531145e-03
1.015299991211725400e-01
3.913855653082363717e-01
3.909905866716433809e-01
1.016475052655589489e-01
7.137510824883259476e-03
1.088659867109437678e-04
0.000000000000000000e+00
0.000000000000000000e+00
0.000000000000000000e+00
0.000000000000000000e+00
0.000000000000000000e+00
0.000000000000000000e+00
0.000000000000000000e+00
0.000000000000000000e+00
