0.000000000000000000e+00
0.000000000000000000e+00
0.000000000000000000e+00
0.000000000000000000e+00
0.000000000000000000e+00
0.000000000000000000e+00
2.715478126576828741e-06
1.826776194242593819e-05
2.419244149132083880e-04
7.656414008707304250e-03
1.014216268577573243e-01
3.901105248969846118e-01
3.915213392145652227e-01
1.015818400672253707e-01
7.272050422972747494e-03
1.723094302136933304e-04
9.874465914824832940e-07
0.000000000000000000e+00
0.000000000000000000e+00
0.000000000000000000e+00
0.000000000000000000e+00
0.000000000000000000e+00
0.000000000000000000e+00
0.000000000000000000e+00
