4.937232957412416470e-07
1.234308239353104012e-06
3.702924718059312035e-06
2.962339774447449459e-06
3.209201422318070176e-06
6.418402844636140353e-06
1.555228381584911114e-05
6.517147503784388978e-05
3.522715715113759055e-04
8.160505493659112042e-03
1.025327511348229914e-01
3.868033194004619202e-01
3.925784007907472395e-01
1.019706471626215943e-01
7.322657060786224789e-03
1.794684180019413117e-04
1.234308239353104012e-06
0.000000000000000000e+00
0.000000000000000000e+00
0.000000000000000000e+00
0.000000000000000000e+00
0.000000000000000000e+00
0.000000000000000000e+00
0.000000000000000000e+00
