0.000000000000000000e+00
1.974893182964966588e-06
3.209201422318070176e-06
3.209201422318070176e-06
5.677817901024278200e-06
8.887019323342349223e-06
1.925520853390842106e-05
3.307946081466318802e-05
2.856189265863082389e-04
7.366845295755065741e-03
1.012251249860523228e-01
3.900658429387200421e-01
3.924584260298821237e-01
1.013330035261717776e-01
7.022226435327679622e-03
1.676190589041515308e-04
0.000000000000000000e+00
0.000000000000000000e+00
0.000000000000000000e+00
0.000000000000000000e+00
0.000000000000000000e+00
0.000000000000000000e+00
0.000000000000000000e+00
0.000000000000000000e+00
