0.000000000000000000e+00
0.000000000000000000e+00
0.000000000000000000e+00
0.000000000000000000e+00
1.234308239353104012e-06
1.974893182964966588e-06
9.133880971212969094e-06
4.122589519439367594e-05
2.703135044183297493e-04
7.525330473688004833e-03
1.002640925908919872e-01
3.902275373180753015e-01
3.931049566856552602e-01
1.012688194977254125e-01
7.135782793348165176e-03
1.468826804830193871e-04
2.715478126576828741e-06
0.000000000000000000e+00
0.000000000000000000e+00
0.000000000000000000e+00
0.000000000000000000e+00
0.000000000000000000e+00
0.000000000000000000e+00
0.000000000000000000e+00
