0.000000000000000000e+00
0.000000000000000000e+00
0.000000000000000000e+00
4.937232957412416470e-07
2.962339774447449459e-06
8.146434379730486223e-06
2.715478126576828741e-05
7.208360117822126649e-05
3.228950354147719901e-04
7.449790809439594749e-03
1.010187486484324798e-01
3.902588887473548707e-01
3.918992843974551388e-01
1.016521956368684892e-01
7.124180295898245932e-03
1.629286875946097312e-04
2.468616478706208235e-07
0.000000000000000000e+00
0.000000000000000000e+00
0.000000000000000000e+00
0.000000000000000000e+00
0.000000000000000000e+00
0.000000000000000000e+00
0.000000000000000000e+00
