2.468616478706208235e-07
1.234308239353104012e-06
1.728031535094345659e-06
1.481169887223724729e-06
2.221754830835587306e-06
3.702924718059312035e-06
1.012132756269545196e-05
3.011712104021573602e-05
2.910498828394619472e-04
7.590255087077977386e-03
1.007022720158623486e-01
3.905099470432393249e-01
3.923038906383151114e-01
1.011404514408326960e-01
7.234033729200672024e-03
1.769998015232351028e-04
2.468616478706208235e-07
0.000000000000000000e+00
0.000000000000000000e+00
0.000000000000000000e+00
0.000000000000000000e+00
0.000000000000000000e+00
0.000000000000000000e+00
0.000000000000000000e+00
