0.000000000000000000e+00
0.000000000000000000e+00
0.000000000000000000e+00
4.937232957412416470e-07
1.974893182964966588e-06
4.937232957412416047e-06
1.234308239353103927e-05
2.715478126576828741e-05
2.246440995622649259e-04
7.429054431018462280e-03
1.007027657391580816e-01
3.907205200288729197e-01
3.926559153481786191e-01
1.011367485161146357e-01
6.931381348911290832e-03
1.505856052010786869e-04
1.481169887223724729e-06
0.000000000000000000e+00
0.000000000000000000e+00
0.000000000000000000e+00
0.000000000000000000e+00
0.000000000000000000e+00
0.000000000000000000e+00
0.000000000000000000e+00
