0.000000000000000000e+00
0.000000000000000000e+00
0.000000000000000000e+00
0.000000000000000000e+00
9.874465914824832940e-07
2.221754830835587306e-06
1.086191250630731496e-05
2.468616478706207854e-05
2.604390385035049681e-04
7.530761429941157728e-03
1.003092682724523177e-01
3.914739417781740727e-01
3.918010334616026658e-01
1.013130077326942630e-01
7.132079868630105714e-03
1.399705543426419969e-04
7.405849436118623647e-07
0.000000000000000000e+00
0.000000000000000000e+00
0.000000000000000000e+00
0.000000000000000000e+00
0.000000000000000000e+00
0.000000000000000000e+00
0.000000000000000000e+00
