4.937232957412416470e-07
2.715478126576828741e-06
2.715478126576828741e-06
5.677817901024278200e-06
6.912126140377382635e-06
1.184935909778979783e-05
2.641419632215642610e-05
6.393716679849078535e-05
3.725142266367667586e-04
7.942526658589353292e-03
1.010999661305819058e-01
3.894899147142378837e-01
3.909027039250014823e-01
1.025944665467906497e-01
7.288837015027949638e-03
1.811964495370356660e-04
4.937232957412416047e-06
0.000000000000000000e+00
0.000000000000000000e+00
0.000000000000000000e+00
0.000000000000000000e+00
0.000000000000000000e+00
0.000000000000000000e+00
0.000000000000000000e+00
