0.000000000000000000e+00
0.000000000000000000e+00
0.000000000000000000e+00
0.000000000000000000e+00
0.000000000000000000e+00
4.937232957412416470e-07
1.061505085843669509e-05
3.727610882846373768e-05
3.120331229084646820e-04
7.676409802184824133e-03
1.011762463797739320e-01
3.904344073789908776e-01
3.905679595304888951e-01
1.020814880425155030e-01
7.492251012873341401e-03
2.085980924506745818e-04
2.221754830835587306e-06
0.000000000000000000e+00
0.000000000000000000e+00
0.000000000000000000e+00
0.000000000000000000e+00
0.000000000000000000e+00
0.000000000000000000e+00
0.000000000000000000e+00
