0.000000000000000000e+00
0.000000000000000000e+00
0.000000000000000000e+00
2.468616478706208235e-07
1.728031535094345659e-06
1.974893182964966588e-06
7.899572731859866352e-06
2.221754830835587306e-05
2.653762714609173316e-04
7.626296887667088562e-03
1.016645387192620237e-01
3.901228679793781740e-01
3.912954608067636397e-01
1.016670073357407306e-01
7.181205336556358704e-03
1.404642776383832332e-04
2.715478126576828741e-06
0.000000000000000000e+00
0.000000000000000000e+00
0.000000000000000000e+00
0.000000000000000000e+00
0.000000000000000000e+00
0.000000000000000000e+00
0.000000000000000000e+00
