0.000000000000000000e+00
0.000000000000000000e+00
0.000000000000000000e+00
2.715478126576828741e-06
3.456063070188691317e-06
5.184094605283036764e-06
1.135563580204855640e-05
3.826355541994622394e-05
3.014180720500280190e-04
7.453493734157653344e-03
1.010054181194474654e-01
3.900172111940895525e-01
3.924917523523446250e-01
1.012974554488784151e-01
7.223171816694364498e-03
1.491044353138549507e-04
0.000000000000000000e+00
0.000000000000000000e+00
0.000000000000000000e+00
0.000000000000000000e+00
0.000000000000000000e+00
0.000000000000000000e+00
0.000000000000000000e+00
0.000000000000000000e+00
