0.000000000000000000e+00
0.000000000000000000e+00
0.000000000000000000e+00
4.937232957412416470e-07
2.221754830835587306e-06
7.652711083989244788e-06
1.456483722436662658e-05
4.690371309541794821e-05
2.513051575322919600e-04
7.613213220329945012e-03
1.008607571937952807e-01
3.900776922978178574e-01
3.922624178814728135e-01
1.017304507792434753e-01
6.969398042683366302e-03
1.619412410031272314e-04
9.874465914824832940e-07
0.000000000000000000e+00
0.000000000000000000e+00
0.000000000000000000e+00
0.000000000000000000e+00
0.000000000000000000e+00
0.000000000000000000e+00
0.000000000000000000e+00
