0.000000000000000000e+00
0.000000000000000000e+00
0.000000000000000000e+00
2.468616478706208235e-07
2.715478126576828741e-06
4.443509661671174611e-06
1.209622074566041940e-05
5.356897758792471351e-05
3.443719987795160154e-04
7.896610392085418040e-03
1.018393167659544241e-01
3.891509736717115309e-01
3.901707591390650709e-01
1.029973447561155081e-01
7.370795082120996065e-03
1.560165614542323410e-04
7.405849436118623647e-07
0.000000000000000000e+00
0.000000000000000000e+00
0.000000000000000000e+00
0.000000000000000000e+00
0.000000000000000000e+00
0.000000000000000000e+00
0.000000000000000000e+00
