1.481169887223724729e-06
9.874465914824832940e-07
2.221754830835587306e-06
7.405849436118623647e-07
2.468616478706208023e-06
1.974893182964966588e-06
7.652711083989244788e-06
1.456483722436662658e-05
2.216817597878174807e-04
7.279209410760995556e-03
1.004457827637247613e-01
3.910856284060735821e-01
3.934261236895349456e-01
1.001223940050142563e-01
7.235761760735766324e-03
1.505856052010786869e-04
7.405849436118623647e-07
0.000000000000000000e+00
0.000000000000000000e+00
0.000000000000000000e+00
0.000000000000000000e+00
0.000000000000000000e+00
0.000000000000000000e+00
0.000000000000000000e+00
