0.000000000000000000e+00
0.000000000000000000e+00
0.000000000000000000e+00
4.937232957412416470e-07
6.665264492506761917e-06
9.627604266954210529e-06
1.999579347752028575e-05
5.233466934857160908e-05
2.352591504207016159e-04
7.390050290654904229e-03
1.005467491777038563e-01
3.910562518699770007e-01
3.923638780187476693e-01
1.008721128295973352e-01
7.282418612183313295e-03
1.641629958339628221e-04
0.000000000000000000e+00
0.000000000000000000e+00
0.000000000000000000e+00
0.000000000000000000e+00
0.000000000000000000e+00
0.000000000000000000e+00
0.000000000000000000e+00
0.000000000000000000e+00
