2.468616478706208235e-07
1.481169887223724729e-06
3.456063070188691317e-06
5.924679548894898917e-06
7.405849436118624070e-06
7.899572731859866352e-06
1.160249744991917796e-05
2.123010171687339019e-05
2.243972379143943077e-04
7.424117198061050242e-03
1.005267533842263278e-01
3.922399534715166336e-01
3.903075204919854158e-01
1.018854798941062206e-01
7.166887360979862578e-03
1.636692725382215858e-04
1.974893182964966588e-06
0.000000000000000000e+00
0.000000000000000000e+00
0.000000000000000000e+00
0.000000000000000000e+00
0.000000000000000000e+00
0.000000000000000000e+00
0.000000000000000000e+00
