0.000000000000000000e+00
0.000000000000000000e+00
1.234308239353104012e-06
1.481169887223724729e-06
1.728031535094345659e-06
4.690371309541795329e-06
1.777403864668469845e-05
3.851041706781684212e-05
2.520457424759038416e-04
7.395481246908057991e-03
1.004048037301782381e-01
3.910268753338803638e-01
3.925013799566116068e-01
1.012910370460337744e-01
6.920519436404983307e-03
1.412048625819950878e-04
1.234308239353104012e-06
0.000000000000000000e+00
0.000000000000000000e+00
0.000000000000000000e+00
0.000000000000000000e+00
0.000000000000000000e+00
0.000000000000000000e+00
0.000000000000000000e+00
