0.000000000000000000e+00
0.000000000000000000e+00
0.000000000000000000e+00
0.000000000000000000e+00
0.000000000000000000e+00
1.481169887223724729e-06
5.430956253153657482e-06
1.086191250630731496e-05
1.893428839167661472e-04
7.258473032339863087e-03
1.007168368530867025e-01
3.914351844994584106e-01
3.922903132476822097e-01
1.006306821379798627e-01
7.324385092321319089e-03
1.370082145681945516e-04
0.000000000000000000e+00
0.000000000000000000e+00
0.000000000000000000e+00
0.000000000000000000e+00
0.000000000000000000e+00
0.000000000000000000e+00
0.000000000000000000e+00
0.000000000000000000e+00
