0.000000000000000000e+00
0.000000000000000000e+00
0.000000000000000000e+00
4.937232957412416470e-07
3.456063070188691317e-06
6.665264492506761917e-06
2.098324006900276862e-05
5.282839264431285221e-05
2.757444606714834576e-04
7.289083876675820500e-03
1.020753165013187358e-01
3.899910438594152429e-01
3.908232144743871150e-01
1.019457141361866659e-01
7.353021043474311340e-03
1.621881026509978767e-04
2.468616478706208235e-07
0.000000000000000000e+00
0.000000000000000000e+00
0.000000000000000000e+00
0.000000000000000000e+00
0.000000000000000000e+00
0.000000000000000000e+00
0.000000000000000000e+00
