9.874465914824832940e-07
1.234308239353104012e-06
1.234308239353104012e-06
1.481169887223724729e-06
4.690371309541795329e-06
8.393296027601107788e-06
2.024265512539090393e-05
4.542254320819422560e-05
2.809285552767664665e-04
7.414736455441966155e-03
1.005005860495520459e-01
3.912571972513436691e-01
3.927408357550460916e-01
1.004346739895705942e-01
7.137757686531129471e-03
1.483638503702430962e-04
1.234308239353104012e-06
0.000000000000000000e+00
0.000000000000000000e+00
0.000000000000000000e+00
0.000000000000000000e+00
0.000000000000000000e+00
0.000000000000000000e+00
0.000000000000000000e+00
