7.405849436118623647e-07
1.974893182964966588e-06
1.728031535094345659e-06
1.974893182964966588e-06
5.924679548894898917e-06
8.393296027601107788e-06
1.357739063288414370e-05
4.542254320819422560e-05
3.098113680776290913e-04
7.806752752260511831e-03
1.016112166033219660e-01
3.899369811585315926e-01
3.902383992305816229e-01
1.022362702957303748e-01
7.581121206106765029e-03
1.962550100571435374e-04
3.456063070188691317e-06
0.000000000000000000e+00
0.000000000000000000e+00
0.000000000000000000e+00
0.000000000000000000e+00
0.000000000000000000e+00
0.000000000000000000e+00
0.000000000000000000e+00
