4.937232957412416470e-07
1.234308239353104012e-06
2.468616478706208023e-06
4.690371309541795329e-06
5.430956253153657482e-06
6.418402844636140353e-06
1.407111392862538514e-05
5.455642417940719300e-05
3.352381178083030616e-04
7.344380885798838972e-03
1.009422215375925802e-01
3.893711742616121074e-01
3.925063171895690206e-01
1.021723331289318831e-01
7.092582004970805938e-03
1.389831077511594971e-04
2.468616478706208023e-06
0.000000000000000000e+00
0.000000000000000000e+00
0.000000000000000000e+00
0.000000000000000000e+00
0.000000000000000000e+00
0.000000000000000000e+00
0.000000000000000000e+00
