0.000000000000000000e+00
0.000000000000000000e+00
0.000000000000000000e+00
0.000000000000000000e+00
1.481169887223724729e-06
4.196648013800553894e-06
9.874465914824832093e-06
4.048531025078180786e-05
2.861126498820495295e-04
7.361414339501911978e-03
1.002784105664684816e-01
3.907686580502077178e-01
3.928780908312621833e-01
1.009429621225362006e-01
7.284887228662019314e-03
1.431797557649600603e-04
2.468616478706208235e-07
0.000000000000000000e+00
0.000000000000000000e+00
0.000000000000000000e+00
0.000000000000000000e+00
0.000000000000000000e+00
0.000000000000000000e+00
0.000000000000000000e+00
