0.000000000000000000e+00
0.000000000000000000e+00
0.000000000000000000e+00
0.000000000000000000e+00
0.000000000000000000e+00
0.000000000000000000e+00
1.234308239353104012e-06
1.481169887223724814e-05
2.258784078016180168e-04
7.348577533812640158e-03
1.012295684957139896e-01
3.903368970280819972e-01
3.922268698041794788e-01
1.011414388874241760e-01
7.286368398549243619e-03
1.873679907338011747e-04
9.874465914824832940e-07
0.000000000000000000e+00
0.000000000000000000e+00
0.000000000000000000e+00
0.000000000000000000e+00
0.000000000000000000e+00
0.000000000000000000e+00
0.000000000000000000e+00
