2.221754830835587306e-06
7.405849436118623647e-07
1.234308239353104012e-06
2.221754830835587306e-06
1.481169887223724729e-06
1.234308239353104012e-06
3.949786365929933176e-06
1.086191250630731496e-05
1.866274057901893201e-04
7.168615392514957746e-03
9.998168286572800545e-02
3.936603953933641709e-01
3.909382520022948171e-01
1.006946193047783544e-01
7.175774380303204941e-03
1.634224108903509676e-04
4.443509661671174611e-06
0.000000000000000000e+00
0.000000000000000000e+00
0.000000000000000000e+00
0.000000000000000000e+00
0.000000000000000000e+00
0.000000000000000000e+00
0.000000000000000000e+00
