0.000000000000000000e+00
0.000000000000000000e+00
0.000000000000000000e+00
0.000000000000000000e+00
0.000000000000000000e+00
0.000000000000000000e+00
3.209201422318070176e-06
2.172382501261462993e-05
2.695729194747179219e-04
7.564828337347303741e-03
1.014359448333338326e-01
3.900364664026234607e-01
3.916593348757249071e-01
1.014470536074879997e-01
7.388322259119809929e-03
1.713219836222108306e-04
2.221754830835587306e-06
0.000000000000000000e+00
0.000000000000000000e+00
0.000000000000000000e+00
0.000000000000000000e+00
0.000000000000000000e+00
0.000000000000000000e+00
0.000000000000000000e+00
