9.874465914824832940e-07
1.974893182964966588e-06
2.715478126576828741e-06
2.715478126576828741e-06
5.677817901024278200e-06
1.209622074566041940e-05
3.332632246253380620e-05
7.455221765692747536e-05
3.705393334538018132e-04
7.643577203018031563e-03
1.015322208760033734e-01
3.895229941750525393e-01
3.906780598254391834e-01
1.023856215926920998e-01
7.541870204095336115e-03
1.900834688603780017e-04
9.874465914824832940e-07
0.000000000000000000e+00
0.000000000000000000e+00
0.000000000000000000e+00
0.000000000000000000e+00
0.000000000000000000e+00
0.000000000000000000e+00
0.000000000000000000e+00
