9.874465914824832940e-07
1.481169887223724729e-06
1.481169887223724729e-06
2.715478126576828741e-06
3.456063070188691317e-06
1.012132756269545196e-05
1.950207018177904262e-05
3.999158695504057150e-05
2.441461697440439516e-04
7.232305697665577723e-03
1.005499583791261697e-01
3.918323848908822349e-01
3.907108924246059933e-01
1.019632413131854737e-01
7.251807767847356749e-03
1.340458747937471064e-04
0.000000000000000000e+00
0.000000000000000000e+00
0.000000000000000000e+00
0.000000000000000000e+00
0.000000000000000000e+00
0.000000000000000000e+00
0.000000000000000000e+00
0.000000000000000000e+00
