0.000000000000000000e+00
0.000000000000000000e+00
0.000000000000000000e+00
2.221754830835587306e-06
4.937232957412416047e-06
1.012132756269545196e-05
2.221754830835587306e-05
6.122168867191395830e-05
3.544933263422114420e-04
8.057811048144934013e-03
1.026406296749424601e-01
3.866593990597533281e-01
3.910876032992565698e-01
1.035821599999210002e-01
7.351786735234957897e-03
1.641629958339628221e-04
1.234308239353104012e-06
0.000000000000000000e+00
0.000000000000000000e+00
0.000000000000000000e+00
0.000000000000000000e+00
0.000000000000000000e+00
0.000000000000000000e+00
0.000000000000000000e+00
