2.468616478706208235e-07
1.974893182964966588e-06
9.874465914824832940e-07
4.196648013800553894e-06
7.899572731859866352e-06
9.133880971212969094e-06
2.048951677326152549e-05
4.863174463051229577e-05
3.325226396817262346e-04
7.657401455298786831e-03
1.014411289279391060e-01
3.895220067284611010e-01
3.913435988280983824e-01
1.019486764759611058e-01
7.470774049508597213e-03
1.900834688603780017e-04
2.468616478706208235e-07
0.000000000000000000e+00
0.000000000000000000e+00
0.000000000000000000e+00
0.000000000000000000e+00
0.000000000000000000e+00
0.000000000000000000e+00
0.000000000000000000e+00
