0.000000000000000000e+00
0.000000000000000000e+00
2.468616478706208235e-07
7.405849436118623647e-07
2.468616478706208235e-07
2.221754830835587306e-06
9.133880971212969094e-06
2.912967444873325315e-05
2.648825481651760952e-04
7.681347035142237038e-03
1.007815146048288146e-01
3.906689259444680040e-01
3.912260926837119457e-01
1.018370950111235906e-01
7.301426959069351463e-03
1.955144251135316829e-04
1.481169887223724729e-06
0.000000000000000000e+00
0.000000000000000000e+00
0.000000000000000000e+00
0.000000000000000000e+00
0.000000000000000000e+00
0.000000000000000000e+00
0.000000000000000000e+00
