0.000000000000000000e+00
0.000000000000000000e+00
0.000000000000000000e+00
9.874465914824832940e-07
3.456063070188691317e-06
7.158987788248003352e-06
2.295813325196773436e-05
6.665264492506761240e-05
3.660958237921306318e-04
7.798853179528652049e-03
1.010054181194474654e-01
3.899016799428861035e-01
3.913105193672837268e-01
1.020392747007296264e-01
7.299205204238515439e-03
1.767529398753644846e-04
9.874465914824832940e-07
0.000000000000000000e+00
0.000000000000000000e+00
0.000000000000000000e+00
0.000000000000000000e+00
0.000000000000000000e+00
0.000000000000000000e+00
0.000000000000000000e+00
