2.468616478706208023e-06
2.221754830835587306e-06
5.677817901024278200e-06
7.899572731859866352e-06
1.135563580204855640e-05
1.802090029455531662e-05
3.110456763169822228e-05
6.591205998145575787e-05
3.695518868623193405e-04
7.677397248776306714e-03
1.004596070160055227e-01
3.891043168202639735e-01
3.927877394681414946e-01
1.019975550822394827e-01
7.294021109633232539e-03
1.626818259467391131e-04
9.874465914824832940e-07
0.000000000000000000e+00
0.000000000000000000e+00
0.000000000000000000e+00
0.000000000000000000e+00
0.000000000000000000e+00
0.000000000000000000e+00
0.000000000000000000e+00
