0.000000000000000000e+00
0.000000000000000000e+00
0.000000000000000000e+00
0.000000000000000000e+00
0.000000000000000000e+00
4.937232957412416470e-07
4.690371309541795329e-06
1.604600711159035088e-05
2.145227719995694722e-04
7.213050489131668692e-03
1.018010532105344812e-01
3.899036548360690357e-01
3.922676019760781285e-01
1.013154763491729698e-01
7.121217956123798189e-03
1.394768310469007605e-04
2.715478126576828741e-06
0.000000000000000000e+00
0.000000000000000000e+00
0.000000000000000000e+00
0.000000000000000000e+00
0.000000000000000000e+00
0.000000000000000000e+00
0.000000000000000000e+00
