0.000000000000000000e+00
2.468616478706208235e-07
1.728031535094345659e-06
1.481169887223724729e-06
1.728031535094345659e-06
4.443509661671174611e-06
8.393296027601107788e-06
3.233887587105132672e-05
2.969745623883568377e-04
7.661598103312587150e-03
1.012320371121926965e-01
3.897972574658368217e-01
3.913431051048026355e-01
1.021817138715509776e-01
7.295502279520456844e-03
1.404642776383832332e-04
9.874465914824832940e-07
0.000000000000000000e+00
0.000000000000000000e+00
0.000000000000000000e+00
0.000000000000000000e+00
0.000000000000000000e+00
0.000000000000000000e+00
0.000000000000000000e+00
