0.000000000000000000e+00
0.000000000000000000e+00
0.000000000000000000e+00
0.000000000000000000e+00
4.937232957412416470e-07
2.715478126576828741e-06
2.468616478706208023e-06
2.024265512539090393e-05
2.194600049569818900e-04
7.151088215516143015e-03
9.969557021584594947e-02
3.927571286238055737e-01
3.924265808773068076e-01
1.006210545337129086e-01
6.979766231893932103e-03
1.234308239353103893e-04
0.000000000000000000e+00
0.000000000000000000e+00
0.000000000000000000e+00
0.000000000000000000e+00
0.000000000000000000e+00
0.000000000000000000e+00
0.000000000000000000e+00
0.000000000000000000e+00
