0.000000000000000000e+00
0.000000000000000000e+00
0.000000000000000000e+00
1.728031535094345659e-06
2.962339774447449459e-06
6.171541196765519635e-06
1.209622074566041940e-05
4.542254320819422560e-05
2.688323345311060403e-04
7.424610921356791099e-03
1.011426731956635294e-01
3.908256830908658497e-01
3.918526275460075814e-01
1.010431879515716752e-01
7.218234583736952460e-03
1.557696998063617228e-04
0.000000000000000000e+00
0.000000000000000000e+00
0.000000000000000000e+00
0.000000000000000000e+00
0.000000000000000000e+00
0.000000000000000000e+00
0.000000000000000000e+00
0.000000000000000000e+00
