0.000000000000000000e+00
0.000000000000000000e+00
7.405849436118623647e-07
6.171541196765519635e-06
8.393296027601107788e-06
1.456483722436662658e-05
3.110456763169822228e-05
6.492461338997327161e-05
3.498029550326696695e-04
7.727510163294043152e-03
1.017344005656094091e-01
3.891522079799508704e-01
3.908084027755148737e-01
1.023905588256495136e-01
7.518171485899756770e-03
1.863805441423187020e-04
6.665264492506761917e-06
0.000000000000000000e+00
0.000000000000000000e+00
0.000000000000000000e+00
0.000000000000000000e+00
0.000000000000000000e+00
0.000000000000000000e+00
0.000000000000000000e+00
