0.000000000000000000e+00
0.000000000000000000e+00
0.000000000000000000e+00
0.000000000000000000e+00
8.393296027601107788e-06
1.752717699881407688e-05
3.159829092743946541e-05
8.023003555795176118e-05
3.391879041742329524e-04
7.960547558883908012e-03
1.009701169038019625e-01
3.896755546734366193e-01
3.915694772359000209e-01
1.020854378288814368e-01
7.109615458673878945e-03
1.513261901446905414e-04
9.874465914824832940e-07
0.000000000000000000e+00
0.000000000000000000e+00
0.000000000000000000e+00
0.000000000000000000e+00
0.000000000000000000e+00
0.000000000000000000e+00
0.000000000000000000e+00
