0.000000000000000000e+00
7.405849436118623647e-07
1.481169887223724729e-06
1.481169887223724729e-06
3.702924718059312035e-06
8.393296027601107788e-06
2.814222785725077028e-05
6.986184634738568935e-05
4.171961849013491636e-04
7.854890773595283107e-03
1.014208862728137178e-01
3.891961493532718475e-01
3.909604695506032068e-01
1.024051236628738815e-01
7.425598367948273680e-03
2.041545827890034004e-04
1.728031535094345659e-06
0.000000000000000000e+00
0.000000000000000000e+00
0.000000000000000000e+00
0.000000000000000000e+00
0.000000000000000000e+00
0.000000000000000000e+00
0.000000000000000000e+00
