1.481169887223724729e-06
7.405849436118623647e-07
1.234308239353104012e-06
3.209201422318070176e-06
7.899572731859866352e-06
1.974893182964966419e-05
3.678238553272250133e-05
6.862753810803258491e-05
3.557276345815645600e-04
7.939811180462776410e-03
1.011468698436773367e-01
3.889971788650881113e-01
3.918202886701365739e-01
1.019518856773834192e-01
7.484104578493610757e-03
1.612006560595153769e-04
0.000000000000000000e+00
0.000000000000000000e+00
0.000000000000000000e+00
0.000000000000000000e+00
0.000000000000000000e+00
0.000000000000000000e+00
0.000000000000000000e+00
0.000000000000000000e+00
