0.000000000000000000e+00
2.468616478706208235e-07
1.974893182964966588e-06
2.221754830835587306e-06
4.443509661671174611e-06
6.171541196765519635e-06
1.826776194242593819e-05
3.900414036355808524e-05
2.831503101076020571e-04
7.667275921213611775e-03
1.007857112528426080e-01
3.908523441488358507e-01
3.909518293929277188e-01
1.017087269542308603e-01
7.463121338424608293e-03
2.135353254080869995e-04
1.974893182964966588e-06
0.000000000000000000e+00
0.000000000000000000e+00
0.000000000000000000e+00
0.000000000000000000e+00
0.000000000000000000e+00
0.000000000000000000e+00
0.000000000000000000e+00
