0.000000000000000000e+00
0.000000000000000000e+00
0.000000000000000000e+00
0.000000000000000000e+00
9.874465914824832940e-07
1.481169887223724729e-06
4.937232957412416047e-06
2.838908950512139185e-05
3.026523802893810828e-04
7.405355712822882935e-03
1.007654685977172199e-01
3.912994105931295596e-01
3.908209927195562816e-01
1.017951285309855736e-01
7.382397579570915309e-03
1.927989469869548559e-04
0.000000000000000000e+00
0.000000000000000000e+00
0.000000000000000000e+00
0.000000000000000000e+00
0.000000000000000000e+00
0.000000000000000000e+00
0.000000000000000000e+00
0.000000000000000000e+00
