0.000000000000000000e+00
0.000000000000000000e+00
0.000000000000000000e+00
1.728031535094345659e-06
4.937232957412416047e-06
8.146434379730486223e-06
1.555228381584911114e-05
3.702924718059311950e-05
2.880875430650144749e-04
7.720351175505795090e-03
1.019923709876342094e-01
3.889475596738661278e-01
3.914033393468830946e-01
1.024312909975481634e-01
6.987665804625791885e-03
1.619412410031272314e-04
0.000000000000000000e+00
0.000000000000000000e+00
0.000000000000000000e+00
0.000000000000000000e+00
0.000000000000000000e+00
0.000000000000000000e+00
0.000000000000000000e+00
0.000000000000000000e+00
