0.000000000000000000e+00
0.000000000000000000e+00
0.000000000000000000e+00
0.000000000000000000e+00
7.405849436118623647e-07
1.728031535094345659e-06
2.715478126576828741e-06
1.752717699881407688e-05
2.389620751387609428e-04
7.341418546024392096e-03
1.014939573205834167e-01
3.914356782227541021e-01
3.901618721197417372e-01
1.018491912318692516e-01
7.308339085209728664e-03
1.468826804830193871e-04
9.874465914824832940e-07
0.000000000000000000e+00
0.000000000000000000e+00
0.000000000000000000e+00
0.000000000000000000e+00
0.000000000000000000e+00
0.000000000000000000e+00
0.000000000000000000e+00
