9.874465914824832940e-07
1.234308239353104012e-06
1.728031535094345659e-06
2.468616478706208023e-06
5.430956253153657482e-06
6.418402844636140353e-06
9.380742619083590658e-06
1.777403864668469845e-05
2.276064393367123711e-04
7.184167676330806447e-03
1.024196885000982493e-01
3.898389770843269653e-01
3.910925405322139836e-01
1.018116682613929153e-01
7.223171816694364498e-03
1.567571463978441955e-04
0.000000000000000000e+00
0.000000000000000000e+00
0.000000000000000000e+00
0.000000000000000000e+00
0.000000000000000000e+00
0.000000000000000000e+00
0.000000000000000000e+00
0.000000000000000000e+00
