0.000000000000000000e+00
0.000000000000000000e+00
0.000000000000000000e+00
0.000000000000000000e+00
0.000000000000000000e+00
5.184094605283036764e-06
1.209622074566041940e-05
3.925100201142871020e-05
2.777193538544484031e-04
7.314016903110753288e-03
1.003986321889814848e-01
3.919439663557197084e-01
3.922927818641609443e-01
1.002939628502843294e-01
7.223912401637976217e-03
1.984767648879791281e-04
0.000000000000000000e+00
0.000000000000000000e+00
0.000000000000000000e+00
0.000000000000000000e+00
0.000000000000000000e+00
0.000000000000000000e+00
0.000000000000000000e+00
0.000000000000000000e+00
