0.000000000000000000e+00
0.000000000000000000e+00
0.000000000000000000e+00
1.234308239353104012e-06
1.234308239353104012e-06
6.171541196765519635e-06
9.874465914824832093e-06
4.591626650393546873e-05
2.673511646438823312e-04
7.381903856275173585e-03
1.007783054034064874e-01
3.908876453644813398e-01
3.924223842292929865e-01
1.010017151947294051e-01
7.046912600114741548e-03
1.493512969617255960e-04
0.000000000000000000e+00
0.000000000000000000e+00
0.000000000000000000e+00
0.000000000000000000e+00
0.000000000000000000e+00
0.000000000000000000e+00
0.000000000000000000e+00
0.000000000000000000e+00
