0.000000000000000000e+00
0.000000000000000000e+00
1.481169887223724729e-06
1.728031535094345659e-06
3.949786365929933176e-06
6.418402844636140353e-06
1.481169887223724814e-05
4.295392672948801673e-05
2.466147862227501875e-04
7.292046216450267376e-03
1.011360079311710292e-01
3.900515249631435477e-01
3.923280830798064334e-01
1.016788566948385181e-01
7.049134354945576705e-03
1.444140640043131783e-04
1.974893182964966588e-06
0.000000000000000000e+00
0.000000000000000000e+00
0.000000000000000000e+00
0.000000000000000000e+00
0.000000000000000000e+00
0.000000000000000000e+00
0.000000000000000000e+00
