0.000000000000000000e+00
0.000000000000000000e+00
0.000000000000000000e+00
0.000000000000000000e+00
0.000000000000000000e+00
0.000000000000000000e+00
9.874465914824832940e-07
1.604600711159035088e-05
2.169913884782756811e-04
7.091841420027194219e-03
1.008938366546099502e-01
3.911041430296638977e-01
3.933582367363705479e-01
1.001117789541558223e-01
7.052096694720024449e-03
1.540416682712673685e-04
0.000000000000000000e+00
0.000000000000000000e+00
0.000000000000000000e+00
0.000000000000000000e+00
0.000000000000000000e+00
0.000000000000000000e+00
0.000000000000000000e+00
0.000000000000000000e+00
