0.000000000000000000e+00
0.000000000000000000e+00
0.000000000000000000e+00
4.196648013800553894e-06
7.405849436118624070e-06
1.456483722436662658e-05
2.912967444873325315e-05
6.443089009423202170e-05
3.836230007909447121e-04
7.855631358538894826e-03
1.016102291567304861e-01
3.886113341094663554e-01
3.910352686299080061e-01
1.028028177775934526e-01
7.429301292666333142e-03
1.520667750883024230e-04
0.000000000000000000e+00
0.000000000000000000e+00
0.000000000000000000e+00
0.000000000000000000e+00
0.000000000000000000e+00
0.000000000000000000e+00
0.000000000000000000e+00
0.000000000000000000e+00
