0.000000000000000000e+00
0.000000000000000000e+00
0.000000000000000000e+00
0.000000000000000000e+00
1.481169887223724729e-06
2.221754830835587306e-06
1.308366733714290227e-05
3.480749234975753559e-05
2.505645725886801326e-04
7.285627813605631900e-03
1.018519067099958181e-01
3.902586418857070250e-01
3.905615411276442406e-01
1.022641656619397571e-01
7.330803495165955433e-03
1.436734790607012966e-04
1.481169887223724729e-06
0.000000000000000000e+00
0.000000000000000000e+00
0.000000000000000000e+00
0.000000000000000000e+00
0.000000000000000000e+00
0.000000000000000000e+00
0.000000000000000000e+00
