0.000000000000000000e+00
0.000000000000000000e+00
0.000000000000000000e+00
0.000000000000000000e+00
0.000000000000000000e+00
0.000000000000000000e+00
0.000000000000000000e+00
8.146434379730486223e-06
2.387152134908903246e-04
7.816380356527466780e-03
1.019459609978345255e-01
3.895807598006542638e-01
3.901302738288142669e-01
1.027514705548363688e-01
7.347096363925415853e-03
1.789746947062000753e-04
2.221754830835587306e-06
0.000000000000000000e+00
0.000000000000000000e+00
0.000000000000000000e+00
0.000000000000000000e+00
0.000000000000000000e+00
0.000000000000000000e+00
0.000000000000000000e+00
