0.000000000000000000e+00
0.000000000000000000e+00
0.000000000000000000e+00
0.000000000000000000e+00
0.000000000000000000e+00
0.000000000000000000e+00
3.209201422318070176e-06
1.431797557649600670e-05
2.078575075070627002e-04
7.275506486042936094e-03
1.019689191310864940e-01
3.909895992250519425e-01
3.906109134572183783e-01
1.014584092432900542e-01
7.308339085209728664e-03
1.626818259467391131e-04
2.468616478706208235e-07
0.000000000000000000e+00
0.000000000000000000e+00
0.000000000000000000e+00
0.000000000000000000e+00
0.000000000000000000e+00
0.000000000000000000e+00
0.000000000000000000e+00
