0.000000000000000000e+00
0.000000000000000000e+00
2.468616478706208235e-07
3.702924718059312035e-06
5.184094605283036764e-06
7.899572731859866352e-06
1.209622074566041940e-05
3.554807729336939689e-05
2.764850456150952851e-04
7.502866063731778064e-03
1.010392381652057414e-01
3.909426955119564839e-01
3.911710425362368015e-01
1.017627896551145245e-01
7.077523444450698094e-03
1.624349642988684949e-04
2.468616478706208235e-07
0.000000000000000000e+00
0.000000000000000000e+00
0.000000000000000000e+00
0.000000000000000000e+00
0.000000000000000000e+00
0.000000000000000000e+00
0.000000000000000000e+00
