0.000000000000000000e+00
0.000000000000000000e+00
0.000000000000000000e+00
0.000000000000000000e+00
0.000000000000000000e+00
0.000000000000000000e+00
2.468616478706208235e-07
1.283680568927228071e-05
2.199537282527231263e-04
7.160468958135227102e-03
1.009281504236639593e-01
3.923177148905958589e-01
3.906494238742861946e-01
1.014579155199943072e-01
7.078264029394309813e-03
1.740374617487876576e-04
9.874465914824832940e-07
0.000000000000000000e+00
0.000000000000000000e+00
0.000000000000000000e+00
0.000000000000000000e+00
0.000000000000000000e+00
0.000000000000000000e+00
0.000000000000000000e+00
