0.000000000000000000e+00
0.000000000000000000e+00
0.000000000000000000e+00
0.000000000000000000e+00
0.000000000000000000e+00
9.874465914824832940e-07
8.146434379730486223e-06
2.641419632215642610e-05
2.626607933343405045e-04
7.475464420818139256e-03
1.008970458560322636e-01
3.907627333706588102e-01
3.909254151966055635e-01
1.021817138715509776e-01
7.302167544012963182e-03
1.542885299191379866e-04
2.962339774447449459e-06
0.000000000000000000e+00
0.000000000000000000e+00
0.000000000000000000e+00
0.000000000000000000e+00
0.000000000000000000e+00
0.000000000000000000e+00
0.000000000000000000e+00
