0.000000000000000000e+00
0.000000000000000000e+00
0.000000000000000000e+00
4.937232957412416470e-07
1.728031535094345659e-06
1.974893182964966588e-06
6.665264492506761917e-06
3.505435399762815376e-05
2.875938197692732385e-04
7.636665076877654362e-03
1.023234124574287085e-01
3.891149318711223937e-01
3.909387457255905640e-01
1.019437392430036921e-01
7.562606582516467717e-03
1.458952338915368873e-04
4.937232957412416470e-07
0.000000000000000000e+00
0.000000000000000000e+00
0.000000000000000000e+00
0.000000000000000000e+00
0.000000000000000000e+00
0.000000000000000000e+00
0.000000000000000000e+00
