0.000000000000000000e+00
0.000000000000000000e+00
1.728031535094345659e-06
2.715478126576828741e-06
4.690371309541795329e-06
8.640157675471727658e-06
1.629286875946097245e-05
5.233466934857160908e-05
3.693050252144486952e-04
7.590255087077977386e-03
1.018106808148014353e-01
3.890806181020683985e-01
3.911799295555601907e-01
1.023179815011755617e-01
7.378941516500725842e-03
1.858868208465774656e-04
0.000000000000000000e+00
0.000000000000000000e+00
0.000000000000000000e+00
0.000000000000000000e+00
0.000000000000000000e+00
0.000000000000000000e+00
0.000000000000000000e+00
0.000000000000000000e+00
