0.000000000000000000e+00
0.000000000000000000e+00
0.000000000000000000e+00
1.234308239353104012e-06
1.481169887223724729e-06
9.380742619083590658e-06
1.703345370307283375e-05
4.443509661671174611e-05
3.270916834285725805e-04
7.911175229309784160e-03
1.021083959621333914e-01
3.887125473850933099e-01
3.902376586456380303e-01
1.030864618109968017e-01
7.363636094332748003e-03
1.779872481147176026e-04
1.481169887223724729e-06
0.000000000000000000e+00
0.000000000000000000e+00
0.000000000000000000e+00
0.000000000000000000e+00
0.000000000000000000e+00
0.000000000000000000e+00
0.000000000000000000e+00
