0.000000000000000000e+00
0.000000000000000000e+00
0.000000000000000000e+00
0.000000000000000000e+00
3.209201422318070176e-06
8.887019323342349223e-06
1.851462359029655975e-05
7.282418612183313457e-05
4.102840587609717462e-04
7.972643779629568980e-03
1.019395425949898987e-01
3.878838328331916108e-01
3.920947988225687020e-01
1.022296050312378746e-01
7.231071389426224280e-03
1.347864597373589610e-04
0.000000000000000000e+00
0.000000000000000000e+00
0.000000000000000000e+00
0.000000000000000000e+00
0.000000000000000000e+00
0.000000000000000000e+00
0.000000000000000000e+00
0.000000000000000000e+00
