0.000000000000000000e+00
0.000000000000000000e+00
0.000000000000000000e+00
0.000000000000000000e+00
2.715478126576828741e-06
6.171541196765519635e-06
1.209622074566041940e-05
4.418823496884112116e-05
3.394347658221035977e-04
7.705045753337816383e-03
1.012066103624620211e-01
3.898528013366077127e-01
3.911784483856729500e-01
1.021831950414381907e-01
7.300192650829998020e-03
1.653973040733159401e-04
3.702924718059312035e-06
0.000000000000000000e+00
0.000000000000000000e+00
0.000000000000000000e+00
0.000000000000000000e+00
0.000000000000000000e+00
0.000000000000000000e+00
0.000000000000000000e+00
