0.000000000000000000e+00
2.468616478706208235e-07
1.728031535094345659e-06
1.728031535094345659e-06
4.443509661671174611e-06
5.184094605283036764e-06
1.407111392862538514e-05
4.912546792625353890e-05
3.140080160914296816e-04
7.585811577416306205e-03
1.008054601846722631e-01
3.897404792868265910e-01
3.925744510043813196e-01
1.014650745077825544e-01
7.269088083198299750e-03
1.691002287913752399e-04
0.000000000000000000e+00
0.000000000000000000e+00
0.000000000000000000e+00
0.000000000000000000e+00
0.000000000000000000e+00
0.000000000000000000e+00
0.000000000000000000e+00
0.000000000000000000e+00
