0.000000000000000000e+00
4.937232957412416470e-07
1.481169887223724729e-06
2.221754830835587306e-06
2.221754830835587306e-06
6.665264492506761917e-06
1.555228381584911114e-05
3.283259916679256307e-05
2.713009510098122763e-04
7.685296821508166495e-03
1.019795341819449280e-01
3.890675344347312437e-01
3.912697871953850770e-01
1.021787515317765238e-01
7.334753281531884890e-03
1.515730517925611596e-04
0.000000000000000000e+00
0.000000000000000000e+00
0.000000000000000000e+00
0.000000000000000000e+00
0.000000000000000000e+00
0.000000000000000000e+00
0.000000000000000000e+00
0.000000000000000000e+00
