0.000000000000000000e+00
0.000000000000000000e+00
0.000000000000000000e+00
0.000000000000000000e+00
0.000000000000000000e+00
0.000000000000000000e+00
7.158987788248003352e-06
2.666105797002704767e-05
2.130416021123457361e-04
7.181205336556358704e-03
1.010261544978686005e-01
3.915986069103487566e-01
3.910137916665432090e-01
1.017210700366243947e-01
7.053084141311507030e-03
1.592257628765504044e-04
0.000000000000000000e+00
0.000000000000000000e+00
0.000000000000000000e+00
0.000000000000000000e+00
0.000000000000000000e+00
0.000000000000000000e+00
0.000000000000000000e+00
0.000000000000000000e+00
