0.000000000000000000e+00
0.000000000000000000e+00
0.000000000000000000e+00
2.468616478706208235e-07
1.974893182964966588e-06
1.974893182964966588e-06
2.468616478706208023e-06
8.887019323342349223e-06
2.123010171687338815e-04
7.466824263142666888e-03
1.016936683937107594e-01
3.899505585491644943e-01
3.915904604759690155e-01
1.013902754284777691e-01
7.493238459464823982e-03
1.868742674380599383e-04
2.468616478706208235e-07
0.000000000000000000e+00
0.000000000000000000e+00
0.000000000000000000e+00
0.000000000000000000e+00
0.000000000000000000e+00
0.000000000000000000e+00
0.000000000000000000e+00
