0.000000000000000000e+00
0.000000000000000000e+00
0.000000000000000000e+00
0.000000000000000000e+00
0.000000000000000000e+00
0.000000000000000000e+00
4.937232957412416047e-06
1.456483722436662658e-05
2.214348981399468625e-04
7.366598434107194879e-03
1.022221991818017539e-01
3.900680646935508755e-01
3.899293284474475985e-01
1.027433241204566416e-01
7.251807767847356749e-03
1.762592165796232483e-04
1.481169887223724729e-06
0.000000000000000000e+00
0.000000000000000000e+00
0.000000000000000000e+00
0.000000000000000000e+00
0.000000000000000000e+00
0.000000000000000000e+00
0.000000000000000000e+00
