0.000000000000000000e+00
0.000000000000000000e+00
1.481169887223724729e-06
3.456063070188691317e-06
6.665264492506761917e-06
8.393296027601107788e-06
1.481169887223724814e-05
3.628866223698125820e-05
3.083301981904053822e-04
7.298217757647032858e-03
1.005852595947716727e-01
3.915956445705742750e-01
3.916262554149102515e-01
1.013372001741855849e-01
7.077276582802827232e-03
1.007195523312132867e-04
0.000000000000000000e+00
0.000000000000000000e+00
0.000000000000000000e+00
0.000000000000000000e+00
0.000000000000000000e+00
0.000000000000000000e+00
0.000000000000000000e+00
0.000000000000000000e+00
