0.000000000000000000e+00
2.962339774447449459e-06
1.728031535094345659e-06
5.677817901024278200e-06
5.184094605283036764e-06
1.333052898501352383e-05
3.184515257531008359e-05
7.257732447396251640e-05
2.982088706277099014e-04
7.854890773595283107e-03
1.020392747007296264e-01
3.871193023097363461e-01
3.924737314520501119e-01
1.024572114705745857e-01
7.412020977315389274e-03
2.103261239857689090e-04
1.728031535094345659e-06
0.000000000000000000e+00
0.000000000000000000e+00
0.000000000000000000e+00
0.000000000000000000e+00
0.000000000000000000e+00
0.000000000000000000e+00
0.000000000000000000e+00
