0.000000000000000000e+00
0.000000000000000000e+00
0.000000000000000000e+00
0.000000000000000000e+00
1.974893182964966588e-06
4.690371309541795329e-06
7.158987788248003352e-06
3.752297047633436263e-05
2.634013782779523862e-04
7.488548088155281938e-03
1.012233969545172224e-01
3.902072946629498995e-01
3.920274055926999957e-01
1.013863256421118353e-01
7.212803627483798698e-03
1.389831077511594971e-04
4.937232957412416470e-07
0.000000000000000000e+00
0.000000000000000000e+00
0.000000000000000000e+00
0.000000000000000000e+00
0.000000000000000000e+00
0.000000000000000000e+00
0.000000000000000000e+00
