0.000000000000000000e+00
0.000000000000000000e+00
0.000000000000000000e+00
0.000000000000000000e+00
0.000000000000000000e+00
0.000000000000000000e+00
9.874465914824832940e-07
1.579914546371973270e-05
2.429118615046908607e-04
7.326359985504284252e-03
1.018469694770384043e-01
3.899508054108123400e-01
3.910426744793440990e-01
1.021345632968076872e-01
7.286121536901372757e-03
1.518199134404317778e-04
9.874465914824832940e-07
0.000000000000000000e+00
0.000000000000000000e+00
0.000000000000000000e+00
0.000000000000000000e+00
0.000000000000000000e+00
0.000000000000000000e+00
0.000000000000000000e+00
