0.000000000000000000e+00
0.000000000000000000e+00
1.234308239353104012e-06
1.234308239353104012e-06
2.468616478706208023e-06
7.158987788248003352e-06
1.135563580204855640e-05
1.505856052010786801e-05
2.029202745496502824e-04
7.155531725177814197e-03
1.013910160134213756e-01
3.908479006391741839e-01
3.916225524901921773e-01
1.013347315577068780e-01
7.237242930622989762e-03
1.695939520871164762e-04
0.000000000000000000e+00
0.000000000000000000e+00
0.000000000000000000e+00
0.000000000000000000e+00
0.000000000000000000e+00
0.000000000000000000e+00
0.000000000000000000e+00
0.000000000000000000e+00
