0.000000000000000000e+00
0.000000000000000000e+00
0.000000000000000000e+00
0.000000000000000000e+00
0.000000000000000000e+00
5.184094605283036764e-06
1.110877415417793653e-05
2.888281280086263497e-05
3.073427515989229095e-04
7.481142238719163014e-03
1.008906274531876229e-01
3.915919416458562563e-01
3.905417921958145855e-01
1.016122040499134460e-01
7.360673754558300259e-03
1.688533671435046217e-04
2.468616478706208235e-07
0.000000000000000000e+00
0.000000000000000000e+00
0.000000000000000000e+00
0.000000000000000000e+00
0.000000000000000000e+00
0.000000000000000000e+00
0.000000000000000000e+00
