0.000000000000000000e+00
0.000000000000000000e+00
0.000000000000000000e+00
0.000000000000000000e+00
0.000000000000000000e+00
9.874465914824832940e-07
4.937232957412416047e-06
1.135563580204855640e-05
2.629076549822111498e-04
7.433991663975874319e-03
1.015877647467742645e-01
3.896590149430292915e-01
3.928287185016880456e-01
1.011165058609892475e-01
6.928172147488973094e-03
1.614475177073859951e-04
4.196648013800553894e-06
0.000000000000000000e+00
0.000000000000000000e+00
0.000000000000000000e+00
0.000000000000000000e+00
0.000000000000000000e+00
0.000000000000000000e+00
0.000000000000000000e+00
