0.000000000000000000e+00
0.000000000000000000e+00
0.000000000000000000e+00
2.468616478706208235e-07
2.715478126576828741e-06
6.665264492506761917e-06
1.283680568927228071e-05
4.542254320819422560e-05
2.705603660662003946e-04
7.253782661030321911e-03
1.006603055357243315e-01
3.912949670834678928e-01
3.910868627143129217e-01
1.021037055908238511e-01
7.113071521744067545e-03
1.471295421308900053e-04
1.728031535094345659e-06
0.000000000000000000e+00
0.000000000000000000e+00
0.000000000000000000e+00
0.000000000000000000e+00
0.000000000000000000e+00
0.000000000000000000e+00
0.000000000000000000e+00
