0.000000000000000000e+00
0.000000000000000000e+00
0.000000000000000000e+00
0.000000000000000000e+00
1.481169887223724729e-06
2.715478126576828741e-06
4.443509661671174611e-06
2.123010171687339019e-05
2.722883976012947490e-04
7.653698530580727369e-03
1.015882584700699975e-01
3.898411988391577987e-01
3.918121422357568329e-01
1.013873130887033153e-01
7.232799420961318580e-03
1.804558645934238115e-04
1.974893182964966588e-06
0.000000000000000000e+00
0.000000000000000000e+00
0.000000000000000000e+00
0.000000000000000000e+00
0.000000000000000000e+00
0.000000000000000000e+00
0.000000000000000000e+00
