0.000000000000000000e+00
2.468616478706208235e-07
2.715478126576828741e-06
4.690371309541795329e-06
3.702924718059312035e-06
4.443509661671174611e-06
8.146434379730486223e-06
4.023844860291118968e-05
2.609327617992462044e-04
7.292786801393879963e-03
1.014771707285282154e-01
3.900833701157188638e-01
3.927457729880035053e-01
1.008101505559818034e-01
7.109121735378138088e-03
1.537948066233967503e-04
2.715478126576828741e-06
0.000000000000000000e+00
0.000000000000000000e+00
0.000000000000000000e+00
0.000000000000000000e+00
0.000000000000000000e+00
0.000000000000000000e+00
0.000000000000000000e+00
