0.000000000000000000e+00
0.000000000000000000e+00
0.000000000000000000e+00
0.000000000000000000e+00
0.000000000000000000e+00
0.000000000000000000e+00
4.196648013800553894e-06
1.999579347752028575e-05
2.774724922065777578e-04
7.456456073932101088e-03
1.002905067872141426e-01
3.905948674501067974e-01
3.932947932928677615e-01
1.009392591978181403e-01
6.976557030471614365e-03
1.456483722436662691e-04
2.468616478706208235e-07
0.000000000000000000e+00
0.000000000000000000e+00
0.000000000000000000e+00
0.000000000000000000e+00
0.000000000000000000e+00
0.000000000000000000e+00
0.000000000000000000e+00
