0.000000000000000000e+00
0.000000000000000000e+00
0.000000000000000000e+00
0.000000000000000000e+00
2.468616478706208235e-07
3.209201422318070176e-06
1.135563580204855640e-05
2.443930313919146036e-05
2.276064393367123711e-04
7.481389100367033876e-03
1.009720917969849363e-01
3.910192226227963697e-01
3.909804653440807076e-01
1.017526683275518373e-01
7.360180031262559402e-03
1.661378890169277946e-04
9.874465914824832940e-07
0.000000000000000000e+00
0.000000000000000000e+00
0.000000000000000000e+00
0.000000000000000000e+00
0.000000000000000000e+00
0.000000000000000000e+00
0.000000000000000000e+00
