0.000000000000000000e+00
0.000000000000000000e+00
0.000000000000000000e+00
0.000000000000000000e+00
2.468616478706208235e-07
1.974893182964966588e-06
9.874465914824832093e-06
2.048951677326152549e-05
2.520457424759038416e-04
7.400171618217600035e-03
1.021545590902852019e-01
3.899298221707433454e-01
3.907000305120996719e-01
1.020321157129413792e-01
7.290565046563043938e-03
2.076106458591920820e-04
4.937232957412416470e-07
0.000000000000000000e+00
0.000000000000000000e+00
0.000000000000000000e+00
0.000000000000000000e+00
0.000000000000000000e+00
0.000000000000000000e+00
0.000000000000000000e+00
