2.468616478706208235e-07
1.481169887223724729e-06
9.874465914824832940e-07
2.468616478706208023e-06
7.405849436118623647e-07
5.677817901024278200e-06
1.012132756269545196e-05
2.740164291363890897e-05
2.362465970121841157e-04
7.087397910365523038e-03
1.010671335314151237e-01
3.907837166107278049e-01
3.931627223112569847e-01
1.005776068836876785e-01
6.920766298052854169e-03
1.152843895555799082e-04
0.000000000000000000e+00
0.000000000000000000e+00
0.000000000000000000e+00
0.000000000000000000e+00
0.000000000000000000e+00
0.000000000000000000e+00
0.000000000000000000e+00
0.000000000000000000e+00
