0.000000000000000000e+00
0.000000000000000000e+00
0.000000000000000000e+00
0.000000000000000000e+00
1.974893182964966588e-06
3.949786365929933176e-06
8.640157675471727658e-06
2.616733467428580454e-05
1.935395319305667104e-04
7.001490056906547153e-03
1.014942041822312901e-01
3.912357202879789275e-01
3.914139543977415148e-01
1.013562085210716196e-01
7.131339283686493995e-03
1.320709816107821339e-04
7.405849436118623647e-07
0.000000000000000000e+00
0.000000000000000000e+00
0.000000000000000000e+00
0.000000000000000000e+00
0.000000000000000000e+00
0.000000000000000000e+00
0.000000000000000000e+00
