0.000000000000000000e+00
1.481169887223724729e-06
1.728031535094345659e-06
1.481169887223724729e-06
2.221754830835587306e-06
3.702924718059312035e-06
4.443509661671174611e-06
2.369871819557959567e-05
2.441461697440439516e-04
7.596179766626872873e-03
1.018891828188242810e-01
3.903312192101809908e-01
3.896691362705919648e-01
1.026890145579251040e-01
7.353514766770052197e-03
1.873679907338011747e-04
1.481169887223724729e-06
0.000000000000000000e+00
0.000000000000000000e+00
0.000000000000000000e+00
0.000000000000000000e+00
0.000000000000000000e+00
0.000000000000000000e+00
0.000000000000000000e+00
