0.000000000000000000e+00
2.468616478706208235e-07
1.234308239353104012e-06
1.728031535094345659e-06
1.728031535094345659e-06
3.209201422318070176e-06
5.677817901024278200e-06
1.357739063288414370e-05
1.772466631711057210e-04
7.048887493297705843e-03
1.007701589690267602e-01
3.912976825615944731e-01
3.932733163295030199e-01
1.002147202613178634e-01
7.064439777113555412e-03
1.261463020618872164e-04
0.000000000000000000e+00
0.000000000000000000e+00
0.000000000000000000e+00
0.000000000000000000e+00
0.000000000000000000e+00
0.000000000000000000e+00
0.000000000000000000e+00
0.000000000000000000e+00
