1.728031535094345659e-06
3.702924718059312035e-06
3.702924718059312035e-06
3.209201422318070176e-06
1.308366733714290227e-05
1.604600711159035088e-05
2.147696336474400836e-05
5.035977616560664334e-05
2.713009510098122763e-04
7.379188378148596704e-03
1.002860632775524757e-01
3.907313819413792411e-01
3.925166853787795951e-01
1.014295264304891919e-01
7.104431364068596044e-03
1.666316123126690310e-04
1.481169887223724729e-06
0.000000000000000000e+00
0.000000000000000000e+00
0.000000000000000000e+00
0.000000000000000000e+00
0.000000000000000000e+00
0.000000000000000000e+00
0.000000000000000000e+00
