0.000000000000000000e+00
0.000000000000000000e+00
0.000000000000000000e+00
0.000000000000000000e+00
0.000000000000000000e+00
9.874465914824832940e-07
4.443509661671174611e-06
1.728031535094345532e-05
2.535269123631275507e-04
7.548041745292101597e-03
1.010594808203311296e-01
3.894639942412114753e-01
3.927080031558792816e-01
1.017788356622261192e-01
7.010377076229889516e-03
1.547822532148792501e-04
2.468616478706208235e-07
0.000000000000000000e+00
0.000000000000000000e+00
0.000000000000000000e+00
0.000000000000000000e+00
0.000000000000000000e+00
0.000000000000000000e+00
0.000000000000000000e+00
