9.874465914824832940e-07
7.405849436118623647e-07
1.728031535094345659e-06
1.234308239353104012e-06
1.728031535094345659e-06
9.874465914824832940e-07
4.690371309541795329e-06
1.382425228075476527e-05
2.187194200133700354e-04
7.507062711745578383e-03
1.017706892278463920e-01
3.897360357771649242e-01
3.920565352671487314e-01
1.011888363238153399e-01
7.349071257108381015e-03
1.429328941170894421e-04
0.000000000000000000e+00
0.000000000000000000e+00
0.000000000000000000e+00
0.000000000000000000e+00
0.000000000000000000e+00
0.000000000000000000e+00
0.000000000000000000e+00
0.000000000000000000e+00
