0.000000000000000000e+00
0.000000000000000000e+00
0.000000000000000000e+00
0.000000000000000000e+00
0.000000000000000000e+00
7.405849436118623647e-07
2.715478126576828741e-06
5.184094605283036764e-06
2.014391046624265734e-04
7.393753215372963691e-03
1.011883426005195930e-01
3.904830391236214227e-01
3.923416604704392796e-01
1.011063845334265465e-01
7.098259822871830563e-03
1.750249083402701574e-04
3.456063070188691317e-06
0.000000000000000000e+00
0.000000000000000000e+00
0.000000000000000000e+00
0.000000000000000000e+00
0.000000000000000000e+00
0.000000000000000000e+00
0.000000000000000000e+00
