2.468616478706208235e-07
1.974893182964966588e-06
3.456063070188691317e-06
3.949786365929933176e-06
7.899572731859866352e-06
1.407111392862538514e-05
3.382004575827504933e-05
8.343923698026982458e-05
4.120120902960661005e-04
7.953882294391402541e-03
1.014475473307837466e-01
3.884997526446288263e-01
3.917158661930872920e-01
1.024312909975481634e-01
7.184661399626547304e-03
1.942801168741785649e-04
6.171541196765519635e-06
4.937232957412416470e-07
0.000000000000000000e+00
0.000000000000000000e+00
0.000000000000000000e+00
0.000000000000000000e+00
0.000000000000000000e+00
0.000000000000000000e+00
