0.000000000000000000e+00
0.000000000000000000e+00
0.000000000000000000e+00
2.468616478706208023e-06
3.702924718059312035e-06
1.258994404140166083e-05
1.752717699881407688e-05
3.900414036355808524e-05
2.912967444873325383e-04
7.118008754701480451e-03
1.011414388874241760e-01
3.910515614986674326e-01
3.917642510760699359e-01
1.010777485822735577e-01
7.317719827828811884e-03
1.626818259467391131e-04
0.000000000000000000e+00
0.000000000000000000e+00
0.000000000000000000e+00
0.000000000000000000e+00
0.000000000000000000e+00
0.000000000000000000e+00
0.000000000000000000e+00
0.000000000000000000e+00
