0.000000000000000000e+00
1.481169887223724729e-06
9.874465914824832940e-07
3.949786365929933176e-06
5.184094605283036764e-06
7.158987788248003352e-06
7.899572731859866352e-06
3.702924718059311950e-05
3.036398268808635555e-04
7.477686175648974413e-03
1.011165058609892475e-01
3.906035076077822854e-01
3.911848667885175490e-01
1.015179029004268790e-01
7.555694456376090516e-03
1.760123549317526301e-04
4.937232957412416470e-07
0.000000000000000000e+00
0.000000000000000000e+00
0.000000000000000000e+00
0.000000000000000000e+00
0.000000000000000000e+00
0.000000000000000000e+00
0.000000000000000000e+00
