3.209201422318070176e-06
3.456063070188691317e-06
3.949786365929933176e-06
5.184094605283036764e-06
8.146434379730486223e-06
1.357739063288414370e-05
2.641419632215642610e-05
5.899993384107836761e-05
3.367192876955267707e-04
7.966472238432803499e-03
1.014877857793866633e-01
3.887638946078503799e-01
3.914615986957805660e-01
1.024354876455619706e-01
7.262669680353664274e-03
1.602132094680329042e-04
9.874465914824832940e-07
0.000000000000000000e+00
0.000000000000000000e+00
0.000000000000000000e+00
0.000000000000000000e+00
0.000000000000000000e+00
0.000000000000000000e+00
0.000000000000000000e+00
