0.000000000000000000e+00
0.000000000000000000e+00
0.000000000000000000e+00
0.000000000000000000e+00
2.468616478706208023e-06
8.887019323342349223e-06
1.728031535094345532e-05
3.283259916679256307e-05
2.695729194747179219e-04
7.283899782070537600e-03
1.007479414207184121e-01
3.914808539043144742e-01
3.914144481210372617e-01
1.011076188416659000e-01
7.456702935579971950e-03
1.703345370307283578e-04
7.158987788248003352e-06
0.000000000000000000e+00
0.000000000000000000e+00
0.000000000000000000e+00
0.000000000000000000e+00
0.000000000000000000e+00
0.000000000000000000e+00
0.000000000000000000e+00
