0.000000000000000000e+00
0.000000000000000000e+00
0.000000000000000000e+00
0.000000000000000000e+00
0.000000000000000000e+00
2.221754830835587306e-06
5.677817901024278200e-06
1.653973040733159401e-05
2.683386112353648039e-04
7.523849303800780527e-03
1.018847393091626141e-01
3.894543666369445489e-01
3.916541507811196476e-01
1.017319319491307023e-01
7.290071323267303081e-03
1.671253356084102673e-04
9.874465914824832940e-07
0.000000000000000000e+00
0.000000000000000000e+00
0.000000000000000000e+00
0.000000000000000000e+00
0.000000000000000000e+00
0.000000000000000000e+00
0.000000000000000000e+00
