0.000000000000000000e+00
0.000000000000000000e+00
0.000000000000000000e+00
0.000000000000000000e+00
0.000000000000000000e+00
0.000000000000000000e+00
4.443509661671174611e-06
9.133880971212969094e-06
1.888491606210249108e-04
7.329075463630861133e-03
1.007847238062511280e-01
3.915487408574788719e-01
3.919814893261960864e-01
1.007667029059565733e-01
7.202188576625362035e-03
1.829244810721300204e-04
1.728031535094345659e-06
0.000000000000000000e+00
0.000000000000000000e+00
0.000000000000000000e+00
0.000000000000000000e+00
0.000000000000000000e+00
0.000000000000000000e+00
0.000000000000000000e+00
