0.000000000000000000e+00
0.000000000000000000e+00
0.000000000000000000e+00
7.405849436118623647e-07
2.468616478706208023e-06
4.443509661671174611e-06
7.158987788248003352e-06
2.690791961789766585e-05
2.893218513043675929e-04
7.576677696445093847e-03
1.011634095740846645e-01
3.905217964023370847e-01
3.909972519361358811e-01
1.019861994464374422e-01
7.268841221550429756e-03
1.533010833276555139e-04
1.481169887223724729e-06
0.000000000000000000e+00
0.000000000000000000e+00
0.000000000000000000e+00
0.000000000000000000e+00
0.000000000000000000e+00
0.000000000000000000e+00
0.000000000000000000e+00
