0.000000000000000000e+00
0.000000000000000000e+00
4.937232957412416470e-07
2.221754830835587306e-06
3.949786365929933176e-06
6.665264492506761917e-06
1.209622074566041940e-05
3.604180058911063324e-05
2.614264850949874408e-04
7.485092025085093338e-03
1.015129656674694653e-01
3.894124001568065041e-01
3.912697871953850770e-01
1.026658095630252621e-01
7.161950128022450540e-03
1.639161341860922039e-04
5.184094605283036764e-06
0.000000000000000000e+00
0.000000000000000000e+00
0.000000000000000000e+00
0.000000000000000000e+00
0.000000000000000000e+00
0.000000000000000000e+00
0.000000000000000000e+00
