0.000000000000000000e+00
0.000000000000000000e+00
4.937232957412416470e-07
2.468616478706208023e-06
3.456063070188691317e-06
6.171541196765519635e-06
1.802090029455531662e-05
3.184515257531008359e-05
2.643888248694348589e-04
7.356477106544499940e-03
1.013226353369612170e-01
3.895000360418006125e-01
3.932903497832060946e-01
1.011271209118476816e-01
6.935331135277220289e-03
1.404642776383832332e-04
7.405849436118623647e-07
0.000000000000000000e+00
0.000000000000000000e+00
0.000000000000000000e+00
0.000000000000000000e+00
0.000000000000000000e+00
0.000000000000000000e+00
0.000000000000000000e+00
