9.874465914824832940e-07
1.728031535094345659e-06
1.234308239353104012e-06
2.221754830835587306e-06
3.949786365929933176e-06
3.702924718059312035e-06
8.640157675471727658e-06
1.678659205520221558e-05
2.160039418867932084e-04
7.270322391437653194e-03
1.002576741880473604e-01
3.911591931771390418e-01
3.922132924135465770e-01
1.016815721729650984e-01
7.042222228805199505e-03
1.184935909778979851e-04
4.937232957412416470e-07
0.000000000000000000e+00
0.000000000000000000e+00
0.000000000000000000e+00
0.000000000000000000e+00
0.000000000000000000e+00
0.000000000000000000e+00
0.000000000000000000e+00
