0.000000000000000000e+00
0.000000000000000000e+00
0.000000000000000000e+00
0.000000000000000000e+00
0.000000000000000000e+00
3.209201422318070176e-06
1.357739063288414370e-05
3.949786365929932837e-05
2.720415359534241037e-04
7.395728108555928854e-03
1.014411289279391060e-01
3.898056507618644084e-01
3.923374638224255140e-01
1.012261124326438028e-01
7.299945789182128025e-03
1.649035807775747038e-04
7.405849436118623647e-07
0.000000000000000000e+00
0.000000000000000000e+00
0.000000000000000000e+00
0.000000000000000000e+00
0.000000000000000000e+00
0.000000000000000000e+00
0.000000000000000000e+00
