0.000000000000000000e+00
0.000000000000000000e+00
0.000000000000000000e+00
7.405849436118623647e-07
1.728031535094345659e-06
6.912126140377382635e-06
8.640157675471727658e-06
2.987025939234511785e-05
2.636482399258230315e-04
7.469539741269243770e-03
1.010834264001745780e-01
3.907958128314734658e-01
3.918020209081941041e-01
1.013586771375503265e-01
7.029385423115926818e-03
1.491044353138549507e-04
4.937232957412416470e-07
0.000000000000000000e+00
0.000000000000000000e+00
0.000000000000000000e+00
0.000000000000000000e+00
0.000000000000000000e+00
0.000000000000000000e+00
0.000000000000000000e+00
