1.481169887223724729e-06
2.221754830835587306e-06
2.962339774447449459e-06
6.665264492506761917e-06
1.308366733714290227e-05
1.999579347752028575e-05
3.604180058911063324e-05
7.998317391008114301e-05
3.382004575827504797e-04
7.785522650543638505e-03
1.015685095382403563e-01
3.893543876695569339e-01
3.915398538381555382e-01
1.016354090448132880e-01
7.429054431018462280e-03
1.792215563540706935e-04
5.184094605283036764e-06
0.000000000000000000e+00
0.000000000000000000e+00
0.000000000000000000e+00
0.000000000000000000e+00
0.000000000000000000e+00
0.000000000000000000e+00
0.000000000000000000e+00
