0.000000000000000000e+00
9.874465914824832940e-07
2.221754830835587306e-06
1.234308239353104012e-06
3.702924718059312035e-06
3.456063070188691317e-06
9.133880971212969094e-06
2.690791961789766585e-05
3.063553050074404368e-04
7.899079008564124926e-03
1.010920665578500521e-01
3.903065330453939219e-01
3.902356837524550426e-01
1.024727637543904335e-01
7.450778256031077330e-03
1.871211290859305565e-04
1.974893182964966588e-06
0.000000000000000000e+00
0.000000000000000000e+00
0.000000000000000000e+00
0.000000000000000000e+00
0.000000000000000000e+00
0.000000000000000000e+00
0.000000000000000000e+00
