0.000000000000000000e+00
0.000000000000000000e+00
4.937232957412416470e-07
1.974893182964966588e-06
1.974893182964966588e-06
4.196648013800553894e-06
8.146434379730486223e-06
1.431797557649600670e-05
2.162508035346638266e-04
7.225887294820941380e-03
1.014058277122936169e-01
3.908106245303457071e-01
3.914670296520336712e-01
1.014547063185719938e-01
7.255510692565416211e-03
1.325647049065233703e-04
4.937232957412416470e-07
0.000000000000000000e+00
0.000000000000000000e+00
0.000000000000000000e+00
0.000000000000000000e+00
0.000000000000000000e+00
0.000000000000000000e+00
0.000000000000000000e+00
