9.874465914824832940e-07
1.974893182964966588e-06
9.874465914824832940e-07
1.481169887223724729e-06
1.974893182964966588e-06
5.677817901024278200e-06
1.678659205520221558e-05
6.714636822080886230e-05
3.806606610164972940e-04
8.066451205820404646e-03
1.015815932055774973e-01
3.881146484739506630e-01
3.914238288636563423e-01
1.028245416026060677e-01
7.361908062797653703e-03
1.458952338915368873e-04
1.234308239353104012e-06
0.000000000000000000e+00
0.000000000000000000e+00
0.000000000000000000e+00
0.000000000000000000e+00
0.000000000000000000e+00
0.000000000000000000e+00
0.000000000000000000e+00
