0.000000000000000000e+00
4.937232957412416470e-07
1.728031535094345659e-06
2.221754830835587306e-06
3.949786365929933176e-06
6.418402844636140353e-06
1.579914546371973270e-05
3.135142927956884046e-05
2.394557984345021791e-04
7.361414339501911978e-03
1.010268950828122070e-01
3.907447124703642416e-01
3.919861796975055990e-01
1.012870872596678407e-01
7.128623805559917113e-03
1.604600711159035224e-04
3.209201422318070176e-06
0.000000000000000000e+00
0.000000000000000000e+00
0.000000000000000000e+00
0.000000000000000000e+00
0.000000000000000000e+00
0.000000000000000000e+00
0.000000000000000000e+00
