0.000000000000000000e+00
0.000000000000000000e+00
0.000000000000000000e+00
2.221754830835587306e-06
5.677817901024278200e-06
1.160249744991917796e-05
1.653973040733159401e-05
4.221334178587615542e-05
3.145017393871709179e-04
7.700602243676145202e-03
1.019481827526653589e-01
3.891882497805400076e-01
3.903238133607448423e-01
1.030062317754388418e-01
7.267113190015335455e-03
1.703345370307283578e-04
2.715478126576828741e-06
0.000000000000000000e+00
0.000000000000000000e+00
0.000000000000000000e+00
0.000000000000000000e+00
0.000000000000000000e+00
0.000000000000000000e+00
0.000000000000000000e+00
