0.000000000000000000e+00
0.000000000000000000e+00
7.405849436118623647e-07
3.456063070188691317e-06
3.702924718059312035e-06
6.665264492506761917e-06
1.925520853390842106e-05
5.899993384107836761e-05
3.194389723445833357e-04
7.626050026019217699e-03
1.016260283021942074e-01
3.894644879645072222e-01
3.907676706036162240e-01
1.024823913586573876e-01
7.453493734157653344e-03
1.663847506647984128e-04
1.234308239353104012e-06
0.000000000000000000e+00
0.000000000000000000e+00
0.000000000000000000e+00
0.000000000000000000e+00
0.000000000000000000e+00
0.000000000000000000e+00
0.000000000000000000e+00
