0.000000000000000000e+00
0.000000000000000000e+00
0.000000000000000000e+00
0.000000000000000000e+00
0.000000000000000000e+00
0.000000000000000000e+00
0.000000000000000000e+00
5.430956253153657482e-06
1.952675634656610376e-04
7.119489924588703889e-03
1.001283186845631501e-01
3.919767989548865184e-01
3.931079190254296862e-01
1.004376363293450342e-01
6.870900245182988593e-03
1.579914546371973135e-04
2.468616478706208235e-07
0.000000000000000000e+00
0.000000000000000000e+00
0.000000000000000000e+00
0.000000000000000000e+00
0.000000000000000000e+00
0.000000000000000000e+00
0.000000000000000000e+00
