0.000000000000000000e+00
0.000000000000000000e+00
0.000000000000000000e+00
0.000000000000000000e+00
4.937232957412416470e-07
3.456063070188691317e-06
1.456483722436662658e-05
4.147275684226429411e-05
3.248699285977369898e-04
7.906731719648113846e-03
1.009661671174360426e-01
3.899127887170402706e-01
3.912870675107359975e-01
1.020711198533049285e-01
7.286121536901372757e-03
1.834182043678712567e-04
1.728031535094345659e-06
0.000000000000000000e+00
0.000000000000000000e+00
0.000000000000000000e+00
0.000000000000000000e+00
0.000000000000000000e+00
0.000000000000000000e+00
0.000000000000000000e+00
