0.000000000000000000e+00
0.000000000000000000e+00
1.234308239353104012e-06
1.481169887223724729e-06
4.196648013800553894e-06
5.430956253153657482e-06
1.382425228075476527e-05
5.060663781347726151e-05
2.651294098130467405e-04
7.349071257108381015e-03
1.008681630432314014e-01
3.902892527300429459e-01
3.925897564265492523e-01
1.012737567306828262e-01
7.114552691631290983e-03
1.715688452700814487e-04
1.974893182964966588e-06
0.000000000000000000e+00
0.000000000000000000e+00
0.000000000000000000e+00
0.000000000000000000e+00
0.000000000000000000e+00
0.000000000000000000e+00
0.000000000000000000e+00
