0.000000000000000000e+00
0.000000000000000000e+00
1.234308239353104012e-06
1.234308239353104012e-06
2.715478126576828741e-06
4.196648013800553894e-06
1.086191250630731496e-05
2.666105797002704767e-05
3.127737078520765636e-04
7.468799156325632051e-03
1.009362968580436865e-01
3.912480633703724342e-01
3.906484364276947008e-01
1.017450156164678432e-01
7.444853576482181844e-03
1.471295421308900053e-04
1.728031535094345659e-06
0.000000000000000000e+00
0.000000000000000000e+00
0.000000000000000000e+00
0.000000000000000000e+00
0.000000000000000000e+00
0.000000000000000000e+00
0.000000000000000000e+00
