0.000000000000000000e+00
0.000000000000000000e+00
0.000000000000000000e+00
0.000000000000000000e+00
0.000000000000000000e+00
1.728031535094345659e-06
3.209201422318070176e-06
1.999579347752028575e-05
2.160039418867932084e-04
7.395974970203798848e-03
1.010577527887960292e-01
3.910377372463866852e-01
3.912525068800341010e-01
1.014295264304891919e-01
7.410292945780294974e-03
1.730500151573051849e-04
2.221754830835587306e-06
0.000000000000000000e+00
0.000000000000000000e+00
0.000000000000000000e+00
0.000000000000000000e+00
0.000000000000000000e+00
0.000000000000000000e+00
0.000000000000000000e+00
