0.000000000000000000e+00
1.234308239353104012e-06
1.728031535094345659e-06
3.949786365929933176e-06
5.677817901024278200e-06
1.135563580204855640e-05
1.407111392862538514e-05
2.912967444873325315e-05
2.710540893619416310e-04
7.602598169471508349e-03
9.970050744880336324e-02
3.907721141132778908e-01
3.938976294369678222e-01
1.007553472701545189e-01
6.805235046849403453e-03
1.283680568927228071e-04
0.000000000000000000e+00
0.000000000000000000e+00
0.000000000000000000e+00
0.000000000000000000e+00
0.000000000000000000e+00
0.000000000000000000e+00
0.000000000000000000e+00
0.000000000000000000e+00
