0.000000000000000000e+00
0.000000000000000000e+00
9.874465914824832940e-07
3.209201422318070176e-06
5.430956253153657482e-06
6.418402844636140353e-06
1.184935909778979783e-05
3.579493894124001507e-05
2.382214901951490611e-04
7.464108785016090875e-03
1.008429831551485995e-01
3.901865582845288061e-01
3.924957021387105449e-01
1.012004388212652539e-01
7.327347432095766833e-03
1.789746947062000753e-04
1.974893182964966588e-06
0.000000000000000000e+00
0.000000000000000000e+00
0.000000000000000000e+00
0.000000000000000000e+00
0.000000000000000000e+00
0.000000000000000000e+00
0.000000000000000000e+00
