0.000000000000000000e+00
0.000000000000000000e+00
0.000000000000000000e+00
0.000000000000000000e+00
0.000000000000000000e+00
0.000000000000000000e+00
2.468616478706208023e-06
9.380742619083590658e-06
1.908240538039898833e-04
6.896080133265792243e-03
1.009901126972794910e-01
3.922843885681333020e-01
3.923764679627890772e-01
1.001900340965308084e-01
6.867197320464929131e-03
1.898366072125073835e-04
3.209201422318070176e-06
0.000000000000000000e+00
0.000000000000000000e+00
0.000000000000000000e+00
0.000000000000000000e+00
0.000000000000000000e+00
0.000000000000000000e+00
0.000000000000000000e+00
