0.000000000000000000e+00
0.000000000000000000e+00
0.000000000000000000e+00
0.000000000000000000e+00
0.000000000000000000e+00
1.974893182964966588e-06
5.924679548894898917e-06
1.777403864668469845e-05
2.359997353643134704e-04
7.597414074866225449e-03
1.012893090144986741e-01
3.891122163929958688e-01
3.929193167264565800e-01
1.017042834445691935e-01
6.973100967401425765e-03
1.414517242298657059e-04
1.234308239353104012e-06
0.000000000000000000e+00
0.000000000000000000e+00
0.000000000000000000e+00
0.000000000000000000e+00
0.000000000000000000e+00
0.000000000000000000e+00
0.000000000000000000e+00
