1.481169887223724729e-06
1.974893182964966588e-06
1.481169887223724729e-06
2.962339774447449459e-06
7.158987788248003352e-06
1.036818921056607353e-05
1.802090029455531662e-05
5.208780770070099090e-05
2.866063731777907658e-04
7.353761628417923059e-03
1.012448739178819640e-01
3.909886117784604487e-01
3.907503902882653035e-01
1.019247308961176574e-01
7.159975234839485378e-03
1.873679907338011747e-04
7.405849436118623647e-07
0.000000000000000000e+00
0.000000000000000000e+00
0.000000000000000000e+00
0.000000000000000000e+00
0.000000000000000000e+00
0.000000000000000000e+00
0.000000000000000000e+00
