1.234308239353104012e-06
1.974893182964966588e-06
4.937232957412416470e-07
2.221754830835587306e-06
2.221754830835587306e-06
1.481169887223724729e-06
2.468616478706208023e-06
9.874465914824832093e-06
2.313093640547716980e-04
7.531502014884770314e-03
1.003428414565627202e-01
3.910876032992565698e-01
3.925764258975642518e-01
1.012075978090535011e-01
6.867937905408540850e-03
1.288617801884640434e-04
2.468616478706208235e-07
0.000000000000000000e+00
0.000000000000000000e+00
0.000000000000000000e+00
0.000000000000000000e+00
0.000000000000000000e+00
0.000000000000000000e+00
0.000000000000000000e+00
