0.000000000000000000e+00
0.000000000000000000e+00
7.405849436118623647e-07
4.196648013800553894e-06
5.677817901024278200e-06
8.146434379730486223e-06
2.666105797002704767e-05
6.393716679849078535e-05
3.359787027519148890e-04
7.480895377071293019e-03
1.009306190401426662e-01
3.903304786252373426e-01
3.917733849570411153e-01
1.013717608048874674e-01
7.487560641563799357e-03
1.772466631711057210e-04
2.715478126576828741e-06
0.000000000000000000e+00
0.000000000000000000e+00
0.000000000000000000e+00
0.000000000000000000e+00
0.000000000000000000e+00
0.000000000000000000e+00
0.000000000000000000e+00
