0.000000000000000000e+00
0.000000000000000000e+00
9.874465914824832940e-07
1.481169887223724729e-06
1.974893182964966588e-06
1.728031535094345659e-06
2.468616478706208023e-06
1.382425228075476527e-05
2.315562257026423161e-04
7.171330870641533760e-03
1.004620756324842296e-01
3.920148156486585878e-01
3.916615566305557405e-01
1.015591287956212618e-01
6.719080331742556707e-03
1.579914546371973135e-04
0.000000000000000000e+00
0.000000000000000000e+00
0.000000000000000000e+00
0.000000000000000000e+00
0.000000000000000000e+00
0.000000000000000000e+00
0.000000000000000000e+00
0.000000000000000000e+00
