0.000000000000000000e+00
9.874465914824832940e-07
3.209201422318070176e-06
3.702924718059312035e-06
5.430956253153657482e-06
8.393296027601107788e-06
1.209622074566041940e-05
3.011712104021573602e-05
2.394557984345021791e-04
7.721338622097277671e-03
1.012041417459833142e-01
3.897014751464630278e-01
3.921325686546928702e-01
1.016164006979272533e-01
7.130351837095011414e-03
1.878617140295424381e-04
2.468616478706208023e-06
0.000000000000000000e+00
0.000000000000000000e+00
0.000000000000000000e+00
0.000000000000000000e+00
0.000000000000000000e+00
0.000000000000000000e+00
0.000000000000000000e+00
