0.000000000000000000e+00
0.000000000000000000e+00
0.000000000000000000e+00
0.000000000000000000e+00
4.937232957412416470e-07
6.665264492506761917e-06
1.012132756269545196e-05
3.036398268808635759e-05
2.606859001513755591e-04
7.107146842195172926e-03
1.014697648790921086e-01
3.914944312949473204e-01
3.910641514427088405e-01
1.011145309678062737e-01
7.258719893987733950e-03
1.787278330583294572e-04
4.196648013800553894e-06
0.000000000000000000e+00
0.000000000000000000e+00
0.000000000000000000e+00
0.000000000000000000e+00
0.000000000000000000e+00
0.000000000000000000e+00
0.000000000000000000e+00
