0.000000000000000000e+00
0.000000000000000000e+00
0.000000000000000000e+00
0.000000000000000000e+00
2.468616478706208235e-07
2.715478126576828741e-06
1.012132756269545196e-05
3.456063070188691063e-05
2.705603660662003946e-04
7.449050224495982163e-03
1.009755478600551232e-01
3.906054825009652176e-01
3.920851712183017201e-01
1.013369533125377114e-01
7.078757752690051537e-03
1.488575736659843325e-04
1.974893182964966588e-06
0.000000000000000000e+00
0.000000000000000000e+00
0.000000000000000000e+00
0.000000000000000000e+00
0.000000000000000000e+00
0.000000000000000000e+00
0.000000000000000000e+00
