0.000000000000000000e+00
0.000000000000000000e+00
0.000000000000000000e+00
0.000000000000000000e+00
9.874465914824832940e-07
5.184094605283036764e-06
9.133880971212969094e-06
2.123010171687339019e-05
1.955144251135316829e-04
7.612719497034204155e-03
1.006388285723595899e-01
3.910271221955282650e-01
3.912038751354036115e-01
1.019202873864559905e-01
7.201201130033879454e-03
1.621881026509978767e-04
1.728031535094345659e-06
0.000000000000000000e+00
0.000000000000000000e+00
0.000000000000000000e+00
0.000000000000000000e+00
0.000000000000000000e+00
0.000000000000000000e+00
0.000000000000000000e+00
