1.481169887223724729e-06
9.874465914824832940e-07
1.481169887223724729e-06
2.468616478706208023e-06
4.443509661671174611e-06
1.382425228075476527e-05
1.851462359029655975e-05
4.616312815180608690e-05
2.917904677830737746e-04
7.844275722736847312e-03
1.020684043751783621e-01
3.884148322377613538e-01
3.915588621850415452e-01
1.024525210992650454e-01
7.141954334544930658e-03
1.375019378639357880e-04
2.468616478706208235e-07
0.000000000000000000e+00
0.000000000000000000e+00
0.000000000000000000e+00
0.000000000000000000e+00
0.000000000000000000e+00
0.000000000000000000e+00
0.000000000000000000e+00
