2.468616478706208023e-06
2.715478126576828741e-06
3.209201422318070176e-06
5.430956253153657482e-06
7.652711083989244788e-06
1.012132756269545196e-05
2.320499489983835593e-05
7.307104776970375275e-05
3.749828431154729946e-04
8.062007696158734332e-03
1.015704844314233163e-01
3.890890113980959852e-01
3.900085710364140645e-01
1.030200560277196031e-01
7.566556368882398041e-03
1.784809714104588390e-04
2.468616478706208235e-07
0.000000000000000000e+00
0.000000000000000000e+00
0.000000000000000000e+00
0.000000000000000000e+00
0.000000000000000000e+00
0.000000000000000000e+00
0.000000000000000000e+00
