0.000000000000000000e+00
0.000000000000000000e+00
0.000000000000000000e+00
0.000000000000000000e+00
0.000000000000000000e+00
9.874465914824832940e-07
7.899572731859866352e-06
3.085770598382759733e-05
2.678448879396235676e-04
7.243908195115496967e-03
1.016445429257844951e-01
3.907234823686474012e-01
3.914638204506113994e-01
1.009713512120413159e-01
7.442384960003475824e-03
2.006985197188147188e-04
2.221754830835587306e-06
0.000000000000000000e+00
0.000000000000000000e+00
0.000000000000000000e+00
0.000000000000000000e+00
0.000000000000000000e+00
0.000000000000000000e+00
0.000000000000000000e+00
