0.000000000000000000e+00
0.000000000000000000e+00
0.000000000000000000e+00
0.000000000000000000e+00
0.000000000000000000e+00
4.196648013800553894e-06
1.308366733714290227e-05
3.875727871568746707e-05
3.327695013295968256e-04
7.721338622097277671e-03
1.019861994464374422e-01
3.889596558946117888e-01
3.909621975821382933e-01
1.024875754532626748e-01
7.325372538912801670e-03
1.688533671435046217e-04
0.000000000000000000e+00
0.000000000000000000e+00
0.000000000000000000e+00
0.000000000000000000e+00
0.000000000000000000e+00
0.000000000000000000e+00
0.000000000000000000e+00
0.000000000000000000e+00
