0.000000000000000000e+00
0.000000000000000000e+00
0.000000000000000000e+00
0.000000000000000000e+00
0.000000000000000000e+00
0.000000000000000000e+00
9.874465914824832940e-07
3.702924718059312035e-06
1.868742674380599383e-04
7.146644705854471834e-03
1.004571383995268158e-01
3.917810376681251094e-01
3.926058024336608887e-01
1.005188538114944741e-01
7.162690712966062259e-03
1.360207679767120518e-04
2.468616478706208235e-07
0.000000000000000000e+00
0.000000000000000000e+00
0.000000000000000000e+00
0.000000000000000000e+00
0.000000000000000000e+00
0.000000000000000000e+00
0.000000000000000000e+00
