0.000000000000000000e+00
0.000000000000000000e+00
0.000000000000000000e+00
0.000000000000000000e+00
1.481169887223724729e-06
2.715478126576828741e-06
7.158987788248003352e-06
2.517988808280332167e-05
2.732758441927772217e-04
7.263410265297275993e-03
1.003811050119826631e-01
3.925058234662732737e-01
3.909273900897884957e-01
1.014823548231335026e-01
6.986184634738568447e-03
1.431797557649600603e-04
7.405849436118623647e-07
0.000000000000000000e+00
0.000000000000000000e+00
0.000000000000000000e+00
0.000000000000000000e+00
0.000000000000000000e+00
0.000000000000000000e+00
0.000000000000000000e+00
