0.000000000000000000e+00
0.000000000000000000e+00
0.000000000000000000e+00
0.000000000000000000e+00
0.000000000000000000e+00
2.962339774447449459e-06
1.555228381584911114e-05
4.122589519439367594e-05
3.009243487542867285e-04
7.923271450055445128e-03
1.029015624367417003e-01
3.875145278079771827e-01
3.906481895660468551e-01
1.029514284896115711e-01
7.514468561181697308e-03
1.826776194242594022e-04
3.209201422318070176e-06
0.000000000000000000e+00
0.000000000000000000e+00
0.000000000000000000e+00
0.000000000000000000e+00
0.000000000000000000e+00
0.000000000000000000e+00
0.000000000000000000e+00
