0.000000000000000000e+00
0.000000000000000000e+00
2.221754830835587306e-06
3.456063070188691317e-06
5.924679548894898917e-06
1.579914546371973270e-05
2.419244149132083880e-05
5.159408440495974777e-05
2.466147862227501875e-04
7.277234517578030394e-03
1.005062638674530662e-01
3.912623813459489286e-01
3.918938534412019781e-01
1.014942041822312901e-01
7.092582004970805938e-03
1.217027924002160485e-04
1.974893182964966588e-06
0.000000000000000000e+00
0.000000000000000000e+00
0.000000000000000000e+00
0.000000000000000000e+00
0.000000000000000000e+00
0.000000000000000000e+00
0.000000000000000000e+00
