0.000000000000000000e+00
0.000000000000000000e+00
0.000000000000000000e+00
9.874465914824832940e-07
1.974893182964966588e-06
2.468616478706208023e-06
1.086191250630731496e-05
2.740164291363890897e-05
2.673511646438823312e-04
7.552485254953772778e-03
1.011357610695231557e-01
3.905803026128824018e-01
3.918916316863711446e-01
1.012238906778129693e-01
7.122699126011021627e-03
1.745311850445288940e-04
7.652711083989244788e-06
0.000000000000000000e+00
0.000000000000000000e+00
0.000000000000000000e+00
0.000000000000000000e+00
0.000000000000000000e+00
0.000000000000000000e+00
0.000000000000000000e+00
