0.000000000000000000e+00
0.000000000000000000e+00
0.000000000000000000e+00
0.000000000000000000e+00
0.000000000000000000e+00
0.000000000000000000e+00
2.468616478706208023e-06
1.579914546371973270e-05
1.999579347752028372e-04
7.206138362991291492e-03
1.010646649149364168e-01
3.899342656804050122e-01
3.939837841520746897e-01
1.005506989640697763e-01
6.909163800602934925e-03
1.330584282022646066e-04
0.000000000000000000e+00
0.000000000000000000e+00
0.000000000000000000e+00
0.000000000000000000e+00
0.000000000000000000e+00
0.000000000000000000e+00
0.000000000000000000e+00
0.000000000000000000e+00
