0.000000000000000000e+00
2.468616478706208235e-07
2.221754830835587306e-06
2.962339774447449459e-06
3.702924718059312035e-06
1.086191250630731496e-05
2.592047302641518297e-05
6.023424208043147204e-05
3.196858339924539267e-04
7.581614929402505886e-03
1.018069778900833749e-01
3.892435467896629975e-01
3.914465401352604235e-01
1.019948396041129163e-01
7.337468759658461771e-03
1.629286875946097312e-04
2.468616478706208235e-07
0.000000000000000000e+00
0.000000000000000000e+00
0.000000000000000000e+00
0.000000000000000000e+00
0.000000000000000000e+00
0.000000000000000000e+00
0.000000000000000000e+00
