0.000000000000000000e+00
0.000000000000000000e+00
0.000000000000000000e+00
0.000000000000000000e+00
2.468616478706208235e-07
2.715478126576828741e-06
1.283680568927228071e-05
3.505435399762815376e-05
2.678448879396235676e-04
7.465589954903314313e-03
1.012317902505448231e-01
3.906891685995933505e-01
3.912115278464876056e-01
1.018013000721823408e-01
7.161209543078838821e-03
1.189873142736392215e-04
1.728031535094345659e-06
0.000000000000000000e+00
0.000000000000000000e+00
0.000000000000000000e+00
0.000000000000000000e+00
0.000000000000000000e+00
0.000000000000000000e+00
0.000000000000000000e+00
