0.000000000000000000e+00
0.000000000000000000e+00
0.000000000000000000e+00
0.000000000000000000e+00
0.000000000000000000e+00
9.874465914824832940e-07
8.887019323342349223e-06
3.184515257531008359e-05
2.290876092239361073e-04
7.329322325278731128e-03
1.007516443454364724e-01
3.912702809186808239e-01
3.915791048401669472e-01
1.015897396399572244e-01
7.041481643861587786e-03
1.668784739605396492e-04
7.405849436118623647e-07
0.000000000000000000e+00
0.000000000000000000e+00
0.000000000000000000e+00
0.000000000000000000e+00
0.000000000000000000e+00
0.000000000000000000e+00
0.000000000000000000e+00
