0.000000000000000000e+00
4.937232957412416470e-07
1.728031535094345659e-06
1.481169887223724729e-06
1.974893182964966588e-06
6.171541196765519635e-06
1.061505085843669509e-05
1.456483722436662658e-05
2.288407475760654891e-04
7.484845163437222476e-03
1.017023085513862335e-01
3.900947257515209321e-01
3.916953766763140443e-01
1.015292585362289196e-01
7.070117595014580036e-03
1.574977313414560771e-04
0.000000000000000000e+00
0.000000000000000000e+00
0.000000000000000000e+00
0.000000000000000000e+00
0.000000000000000000e+00
0.000000000000000000e+00
0.000000000000000000e+00
0.000000000000000000e+00
