0.000000000000000000e+00
0.000000000000000000e+00
0.000000000000000000e+00
0.000000000000000000e+00
4.937232957412416470e-07
5.184094605283036764e-06
7.652711083989244788e-06
1.900834688603780288e-05
1.829244810721300204e-04
7.059502544156143373e-03
1.012312965272490761e-01
3.909268963664928043e-01
3.916119374393337571e-01
1.017474842329465501e-01
7.063699192169943693e-03
1.414517242298657059e-04
2.468616478706208023e-06
0.000000000000000000e+00
0.000000000000000000e+00
0.000000000000000000e+00
0.000000000000000000e+00
0.000000000000000000e+00
0.000000000000000000e+00
0.000000000000000000e+00
