0.000000000000000000e+00
0.000000000000000000e+00
0.000000000000000000e+00
0.000000000000000000e+00
0.000000000000000000e+00
1.974893182964966588e-06
5.677817901024278200e-06
2.147696336474400836e-05
2.468616478706207786e-04
7.513974837885955584e-03
1.007689246607874067e-01
3.904778550290161077e-01
3.922058865641104841e-01
1.014549531802198673e-01
7.180711613260617847e-03
1.209622074566041940e-04
7.405849436118623647e-07
0.000000000000000000e+00
0.000000000000000000e+00
0.000000000000000000e+00
0.000000000000000000e+00
0.000000000000000000e+00
0.000000000000000000e+00
0.000000000000000000e+00
