0.000000000000000000e+00
0.000000000000000000e+00
1.234308239353104012e-06
9.874465914824832940e-07
4.443509661671174611e-06
3.949786365929933176e-06
1.678659205520221558e-05
6.443089009423202170e-05
3.594305592996238597e-04
8.012882228232480475e-03
1.015914676714923248e-01
3.889998943432146916e-01
3.912658374090191571e-01
1.020407558706168533e-01
7.438928896933287224e-03
1.972424566486260101e-04
1.728031535094345659e-06
0.000000000000000000e+00
0.000000000000000000e+00
0.000000000000000000e+00
0.000000000000000000e+00
0.000000000000000000e+00
0.000000000000000000e+00
0.000000000000000000e+00
