0.000000000000000000e+00
0.000000000000000000e+00
0.000000000000000000e+00
0.000000000000000000e+00
2.468616478706208235e-07
3.702924718059312035e-06
6.912126140377382635e-06
2.345185654770897410e-05
2.735227058406478669e-04
7.405108851175012073e-03
1.007617656729991595e-01
3.913389084567888698e-01
3.915433099012257112e-01
1.011829116442664461e-01
7.295749141168326839e-03
1.602132094680329042e-04
4.196648013800553894e-06
0.000000000000000000e+00
0.000000000000000000e+00
0.000000000000000000e+00
0.000000000000000000e+00
0.000000000000000000e+00
0.000000000000000000e+00
0.000000000000000000e+00
