2.468616478706208235e-07
1.728031535094345659e-06
2.221754830835587306e-06
1.974893182964966588e-06
6.418402844636140353e-06
7.899572731859866352e-06
2.468616478706207854e-05
4.961919122199478203e-05
3.419033823008097795e-04
7.881798693213180190e-03
1.016319529817431011e-01
3.877011552137673567e-01
3.926902291172326143e-01
1.022019565266763658e-01
7.275012762747195237e-03
1.804558645934238115e-04
7.405849436118623647e-07
0.000000000000000000e+00
0.000000000000000000e+00
0.000000000000000000e+00
0.000000000000000000e+00
0.000000000000000000e+00
0.000000000000000000e+00
0.000000000000000000e+00
