0.000000000000000000e+00
0.000000000000000000e+00
0.000000000000000000e+00
1.234308239353104012e-06
1.234308239353104012e-06
2.715478126576828741e-06
6.171541196765519635e-06
3.900414036355808524e-05
2.750038757278715760e-04
7.465096231607572588e-03
1.012315433888969496e-01
3.891336933563606104e-01
3.930229986185622137e-01
1.016840407894438053e-01
6.987912666273662747e-03
1.471295421308900053e-04
2.221754830835587306e-06
0.000000000000000000e+00
0.000000000000000000e+00
0.000000000000000000e+00
0.000000000000000000e+00
0.000000000000000000e+00
0.000000000000000000e+00
0.000000000000000000e+00
