0.000000000000000000e+00
0.000000000000000000e+00
2.468616478706208235e-07
1.974893182964966588e-06
6.912126140377382635e-06
1.258994404140166083e-05
2.345185654770897410e-05
6.146855031978457648e-05
3.730079499325080492e-04
8.076325671735230458e-03
1.016645387192620237e-01
3.883736063425669571e-01
3.910557581466812538e-01
1.026008849496352904e-01
7.538661002673017510e-03
2.088449540985452000e-04
1.728031535094345659e-06
0.000000000000000000e+00
0.000000000000000000e+00
0.000000000000000000e+00
0.000000000000000000e+00
0.000000000000000000e+00
0.000000000000000000e+00
0.000000000000000000e+00
