0.000000000000000000e+00
0.000000000000000000e+00
0.000000000000000000e+00
0.000000000000000000e+00
0.000000000000000000e+00
4.937232957412416470e-07
6.171541196765519635e-06
2.987025939234511785e-05
2.641419632215642678e-04
7.535451801250699772e-03
1.018462288920947978e-01
3.903929346221486352e-01
3.894857180662241181e-01
1.025724958601301612e-01
7.710476709590970146e-03
1.557696998063617228e-04
2.468616478706208235e-07
0.000000000000000000e+00
0.000000000000000000e+00
0.000000000000000000e+00
0.000000000000000000e+00
0.000000000000000000e+00
0.000000000000000000e+00
0.000000000000000000e+00
