9.874465914824832940e-07
1.728031535094345659e-06
3.209201422318070176e-06
5.430956253153657482e-06
8.887019323342349223e-06
2.271127160409711280e-05
2.616733467428580454e-05
6.887439975590320309e-05
3.685644402708368678e-04
7.942032935293611567e-03
1.021513498888628885e-01
3.879290085147519829e-01
3.910174945912612832e-01
1.028351566534645017e-01
7.410046084132424112e-03
2.076106458591920820e-04
4.937232957412416470e-07
0.000000000000000000e+00
0.000000000000000000e+00
0.000000000000000000e+00
0.000000000000000000e+00
0.000000000000000000e+00
0.000000000000000000e+00
0.000000000000000000e+00
