0.000000000000000000e+00
0.000000000000000000e+00
0.000000000000000000e+00
0.000000000000000000e+00
7.405849436118623647e-07
3.949786365929933176e-06
1.777403864668469845e-05
4.640998979967671186e-05
2.841377566990845299e-04
7.463861923368220012e-03
1.016946558403022394e-01
3.896454375523963898e-01
3.912729963968074043e-01
1.020215006620829451e-01
7.406836882710106373e-03
1.409580009341244696e-04
7.405849436118623647e-07
0.000000000000000000e+00
0.000000000000000000e+00
0.000000000000000000e+00
0.000000000000000000e+00
0.000000000000000000e+00
0.000000000000000000e+00
0.000000000000000000e+00
