9.874465914824832940e-07
9.874465914824832940e-07
2.468616478706208023e-06
2.962339774447449459e-06
4.690371309541795329e-06
5.924679548894898917e-06
1.382425228075476527e-05
3.283259916679256307e-05
2.730289825449065764e-04
7.399431033273987449e-03
1.021938100922966386e-01
3.903581271297988931e-01
3.894716469522954694e-01
1.028351566534645017e-01
7.237489792270860624e-03
1.661378890169277946e-04
2.468616478706208235e-07
0.000000000000000000e+00
0.000000000000000000e+00
0.000000000000000000e+00
0.000000000000000000e+00
0.000000000000000000e+00
0.000000000000000000e+00
0.000000000000000000e+00
