0.000000000000000000e+00
0.000000000000000000e+00
0.000000000000000000e+00
0.000000000000000000e+00
0.000000000000000000e+00
0.000000000000000000e+00
2.468616478706208235e-07
6.912126140377382635e-06
1.878617140295424381e-04
7.567296953826009760e-03
1.019901492328033760e-01
3.905911645253887232e-01
3.900009183253300704e-01
1.023169940545840678e-01
7.175774380303204941e-03
1.612006560595153769e-04
1.481169887223724729e-06
0.000000000000000000e+00
0.000000000000000000e+00
0.000000000000000000e+00
0.000000000000000000e+00
0.000000000000000000e+00
0.000000000000000000e+00
0.000000000000000000e+00
