1.234308239353104012e-06
2.715478126576828741e-06
4.443509661671174611e-06
5.430956253153657482e-06
7.899572731859866352e-06
1.505856052010786801e-05
1.851462359029655975e-05
5.677817901024278369e-05
3.396816274699742430e-04
7.751208881489622497e-03
1.013226353369612170e-01
3.898058976235123096e-01
3.908624654763985240e-01
1.024228977015205627e-01
7.225146709877329661e-03
1.567571463978441955e-04
0.000000000000000000e+00
0.000000000000000000e+00
0.000000000000000000e+00
0.000000000000000000e+00
0.000000000000000000e+00
0.000000000000000000e+00
0.000000000000000000e+00
0.000000000000000000e+00
