0.000000000000000000e+00
0.000000000000000000e+00
0.000000000000000000e+00
0.000000000000000000e+00
0.000000000000000000e+00
0.000000000000000000e+00
7.405849436118623647e-07
7.158987788248003352e-06
2.172382501261462993e-04
7.167627945923475165e-03
1.011140372445105406e-01
3.919212550841156273e-01
3.914302472665009969e-01
1.007195523312132829e-01
7.261188510466439969e-03
1.609537944116447587e-04
0.000000000000000000e+00
0.000000000000000000e+00
0.000000000000000000e+00
0.000000000000000000e+00
0.000000000000000000e+00
0.000000000000000000e+00
0.000000000000000000e+00
0.000000000000000000e+00
