0.000000000000000000e+00
0.000000000000000000e+00
0.000000000000000000e+00
0.000000000000000000e+00
2.468616478706208023e-06
8.393296027601107788e-06
1.653973040733159401e-05
3.258573751892194489e-05
2.745101524321303397e-04
7.540142172560241815e-03
1.008200250218966310e-01
3.899680857261632605e-01
3.923026563300757719e-01
1.016756474934162047e-01
7.215025382314633855e-03
1.434266174128306784e-04
4.937232957412416470e-07
0.000000000000000000e+00
0.000000000000000000e+00
0.000000000000000000e+00
0.000000000000000000e+00
0.000000000000000000e+00
0.000000000000000000e+00
0.000000000000000000e+00
