0.000000000000000000e+00
0.000000000000000000e+00
0.000000000000000000e+00
0.000000000000000000e+00
0.000000000000000000e+00
0.000000000000000000e+00
0.000000000000000000e+00
8.146434379730486223e-06
2.029202745496502824e-04
7.369560773881642622e-03
1.015055598180333446e-01
3.904729177960586939e-01
3.916595817373727528e-01
1.016131914965049260e-01
7.013833139300078116e-03
1.537948066233967503e-04
4.937232957412416470e-07
0.000000000000000000e+00
0.000000000000000000e+00
0.000000000000000000e+00
0.000000000000000000e+00
0.000000000000000000e+00
0.000000000000000000e+00
0.000000000000000000e+00
