2.468616478706208235e-07
1.234308239353104012e-06
9.874465914824832940e-07
2.715478126576828741e-06
2.962339774447449459e-06
1.308366733714290227e-05
2.789536620938014872e-05
6.714636822080886230e-05
4.342296386044220075e-04
8.000786007486819507e-03
1.015035849248503708e-01
3.886982294095168156e-01
3.914490087517391581e-01
1.022883581034310790e-01
7.366351572459324884e-03
1.429328941170894421e-04
2.468616478706208235e-07
0.000000000000000000e+00
0.000000000000000000e+00
0.000000000000000000e+00
0.000000000000000000e+00
0.000000000000000000e+00
0.000000000000000000e+00
0.000000000000000000e+00
