0.000000000000000000e+00
0.000000000000000000e+00
0.000000000000000000e+00
0.000000000000000000e+00
2.221754830835587306e-06
2.962339774447449459e-06
9.380742619083590658e-06
3.554807729336939689e-05
2.747570140800009307e-04
7.501878617140295483e-03
1.007997823667712428e-01
3.895876719267946653e-01
3.934964792591780780e-01
1.011752589331824520e-01
6.989640697808757047e-03
1.244182705267928891e-04
0.000000000000000000e+00
0.000000000000000000e+00
0.000000000000000000e+00
0.000000000000000000e+00
0.000000000000000000e+00
0.000000000000000000e+00
0.000000000000000000e+00
0.000000000000000000e+00
