0.000000000000000000e+00
0.000000000000000000e+00
0.000000000000000000e+00
2.468616478706208235e-07
3.702924718059312035e-06
7.158987788248003352e-06
2.172382501261462993e-05
4.863174463051229577e-05
3.031461035851223192e-04
7.721585483745147666e-03
1.018677058554595394e-01
3.885930663475239411e-01
3.919572968847047645e-01
1.021464126559054747e-01
7.171577732289404622e-03
1.577445929893266953e-04
0.000000000000000000e+00
0.000000000000000000e+00
0.000000000000000000e+00
0.000000000000000000e+00
0.000000000000000000e+00
0.000000000000000000e+00
0.000000000000000000e+00
0.000000000000000000e+00
