0.000000000000000000e+00
0.000000000000000000e+00
0.000000000000000000e+00
2.468616478706208023e-06
6.912126140377382635e-06
9.874465914824832093e-06
2.345185654770897410e-05
6.862753810803258491e-05
3.749828431154729946e-04
7.757380422686387979e-03
1.012804219951753404e-01
3.895407682136992622e-01
3.912673185789063424e-01
1.021116051635557187e-01
7.373757421895442941e-03
1.799621412976825480e-04
2.468616478706208023e-06
0.000000000000000000e+00
0.000000000000000000e+00
0.000000000000000000e+00
0.000000000000000000e+00
0.000000000000000000e+00
0.000000000000000000e+00
0.000000000000000000e+00
