0.000000000000000000e+00
0.000000000000000000e+00
0.000000000000000000e+00
0.000000000000000000e+00
9.874465914824832940e-07
3.949786365929933176e-06
6.418402844636140353e-06
3.258573751892194489e-05
2.952465308532624833e-04
7.691715224352802839e-03
1.014927230123440632e-01
3.899606798767271676e-01
3.910409464478090125e-01
1.019580572185801864e-01
7.360920616206171121e-03
1.552759765106204864e-04
4.937232957412416470e-07
0.000000000000000000e+00
0.000000000000000000e+00
0.000000000000000000e+00
0.000000000000000000e+00
0.000000000000000000e+00
0.000000000000000000e+00
0.000000000000000000e+00
