0.000000000000000000e+00
0.000000000000000000e+00
0.000000000000000000e+00
9.874465914824832940e-07
1.974893182964966588e-06
6.418402844636140353e-06
2.295813325196773436e-05
7.035556964312692570e-05
3.981878380153113200e-04
7.788484990318086248e-03
1.008832216037515023e-01
3.898747720232682012e-01
3.914124732278542740e-01
1.021390068064693540e-01
7.242920748524014386e-03
1.582383162850679317e-04
0.000000000000000000e+00
0.000000000000000000e+00
0.000000000000000000e+00
0.000000000000000000e+00
0.000000000000000000e+00
0.000000000000000000e+00
0.000000000000000000e+00
0.000000000000000000e+00
