1.481169887223724729e-06
2.962339774447449459e-06
1.728031535094345659e-06
4.196648013800553894e-06
5.184094605283036764e-06
7.405849436118624070e-06
1.184935909778979783e-05
5.208780770070099090e-05
3.256105135413488172e-04
7.722572930336630247e-03
1.017492122644816505e-01
3.886577440992660115e-01
3.921644138072681862e-01
1.015332083225948534e-01
7.456209212284230226e-03
2.266189927452298984e-04
3.505435399762815376e-05
1.579914546371973270e-05
2.715478126576828741e-06
0.000000000000000000e+00
0.000000000000000000e+00
0.000000000000000000e+00
0.000000000000000000e+00
0.000000000000000000e+00
