0.000000000000000000e+00
0.000000000000000000e+00
0.000000000000000000e+00
0.000000000000000000e+00
0.000000000000000000e+00
0.000000000000000000e+00
7.652711083989244788e-06
3.727610882846373768e-05
2.634013782779523862e-04
7.492004151225470539e-03
1.002105236133040700e-01
3.920673971796550528e-01
3.917637573527741890e-01
1.007637405661821334e-01
7.252548352790968468e-03
1.414517242298657059e-04
2.468616478706208235e-07
0.000000000000000000e+00
0.000000000000000000e+00
0.000000000000000000e+00
0.000000000000000000e+00
0.000000000000000000e+00
0.000000000000000000e+00
0.000000000000000000e+00
