0.000000000000000000e+00
0.000000000000000000e+00
0.000000000000000000e+00
0.000000000000000000e+00
1.234308239353104012e-06
2.468616478706208023e-06
1.258994404140166083e-05
2.419244149132083880e-05
2.478490944621033055e-04
7.607535402428921255e-03
1.017366223204402426e-01
3.887868527411023623e-01
3.923364763758340201e-01
1.019738563640439077e-01
7.105418810660078625e-03
1.636692725382215858e-04
1.234308239353104012e-06
0.000000000000000000e+00
0.000000000000000000e+00
0.000000000000000000e+00
0.000000000000000000e+00
0.000000000000000000e+00
0.000000000000000000e+00
0.000000000000000000e+00
