0.000000000000000000e+00
1.728031535094345659e-06
4.196648013800553894e-06
4.937232957412416047e-06
8.146434379730486223e-06
2.048951677326152549e-05
4.665685144754733003e-05
9.207939465574155563e-05
4.675559610669558137e-04
7.884020448044017082e-03
1.022417012519835355e-01
3.866956877219903110e-01
3.922325476220804852e-01
1.028971189270800335e-01
7.239711547101695781e-03
1.629286875946097312e-04
4.937232957412416470e-07
0.000000000000000000e+00
0.000000000000000000e+00
0.000000000000000000e+00
0.000000000000000000e+00
0.000000000000000000e+00
0.000000000000000000e+00
0.000000000000000000e+00
