4.937232957412416470e-07
1.728031535094345659e-06
2.468616478706208235e-07
2.715478126576828741e-06
2.468616478706208235e-07
4.690371309541795329e-06
7.158987788248003352e-06
2.937653609660387472e-05
2.767319072629659303e-04
7.582849237641859329e-03
1.020037266234362500e-01
3.901942109956128002e-01
3.902687632132696982e-01
1.018738773966563066e-01
7.561619135924986003e-03
1.915646387476017379e-04
0.000000000000000000e+00
0.000000000000000000e+00
0.000000000000000000e+00
0.000000000000000000e+00
0.000000000000000000e+00
0.000000000000000000e+00
0.000000000000000000e+00
0.000000000000000000e+00
