0.000000000000000000e+00
0.000000000000000000e+00
0.000000000000000000e+00
0.000000000000000000e+00
0.000000000000000000e+00
0.000000000000000000e+00
2.468616478706208023e-06
6.912126140377382635e-06
2.473553711663620150e-04
7.437694588693933781e-03
1.013209073054261167e-01
3.903033238439715946e-01
3.913213812797900482e-01
1.019118940904283899e-01
7.310067116744822964e-03
1.379956611596770244e-04
0.000000000000000000e+00
0.000000000000000000e+00
0.000000000000000000e+00
0.000000000000000000e+00
0.000000000000000000e+00
0.000000000000000000e+00
0.000000000000000000e+00
0.000000000000000000e+00
