0.000000000000000000e+00
0.000000000000000000e+00
2.468616478706208235e-07
3.209201422318070176e-06
6.912126140377382635e-06
7.652711083989244788e-06
1.925520853390842106e-05
5.233466934857160908e-05
3.325226396817262346e-04
7.812677431809406450e-03
1.012332714204320500e-01
3.893245174101645500e-01
3.910599547946950194e-01
1.027183910940216993e-01
7.254276384326062768e-03
1.725562918615639485e-04
2.221754830835587306e-06
0.000000000000000000e+00
0.000000000000000000e+00
0.000000000000000000e+00
0.000000000000000000e+00
0.000000000000000000e+00
0.000000000000000000e+00
0.000000000000000000e+00
