0.000000000000000000e+00
0.000000000000000000e+00
0.000000000000000000e+00
2.962339774447449459e-06
4.937232957412416047e-06
9.627604266954210529e-06
2.098324006900276862e-05
4.344765002522925986e-05
2.708072277140710399e-04
7.580874344458894167e-03
1.012303090806575961e-01
3.896392660111996364e-01
3.925556895191431583e-01
1.010804640604001381e-01
7.389309705711292510e-03
1.703345370307283578e-04
9.874465914824832940e-07
0.000000000000000000e+00
0.000000000000000000e+00
0.000000000000000000e+00
0.000000000000000000e+00
0.000000000000000000e+00
0.000000000000000000e+00
0.000000000000000000e+00
