0.000000000000000000e+00
0.000000000000000000e+00
0.000000000000000000e+00
2.715478126576828741e-06
4.196648013800553894e-06
5.677817901024278200e-06
8.887019323342349223e-06
2.443930313919146036e-05
2.596984535598930864e-04
7.535698662898570634e-03
1.006543808561754377e-01
3.907259509851260804e-01
3.910715572921449334e-01
1.022229397667453604e-01
7.336481313066979190e-03
1.466358188351487418e-04
7.405849436118623647e-07
0.000000000000000000e+00
0.000000000000000000e+00
0.000000000000000000e+00
0.000000000000000000e+00
0.000000000000000000e+00
0.000000000000000000e+00
0.000000000000000000e+00
