0.000000000000000000e+00
0.000000000000000000e+00
2.468616478706208235e-07
2.962339774447449459e-06
3.949786365929933176e-06
7.158987788248003352e-06
1.752717699881407688e-05
5.035977616560664334e-05
3.189452490488420451e-04
7.440410066820510662e-03
1.013102922545676826e-01
3.906077042557960510e-01
3.916605691839642467e-01
1.013001709270049816e-01
7.130104975447140551e-03
1.488575736659843325e-04
7.405849436118623647e-07
0.000000000000000000e+00
0.000000000000000000e+00
0.000000000000000000e+00
0.000000000000000000e+00
0.000000000000000000e+00
0.000000000000000000e+00
0.000000000000000000e+00
