0.000000000000000000e+00
0.000000000000000000e+00
4.937232957412416470e-07
1.728031535094345659e-06
1.974893182964966588e-06
2.715478126576828741e-06
8.640157675471727658e-06
1.826776194242593819e-05
2.824097251639901755e-04
7.466824263142666888e-03
1.002065738269381362e-01
3.920441921847552247e-01
3.907560681061663099e-01
1.018400573508980306e-01
7.193054695654148810e-03
1.757654932838820119e-04
1.234308239353104012e-06
0.000000000000000000e+00
0.000000000000000000e+00
0.000000000000000000e+00
0.000000000000000000e+00
0.000000000000000000e+00
0.000000000000000000e+00
0.000000000000000000e+00
