0.000000000000000000e+00
0.000000000000000000e+00
0.000000000000000000e+00
4.937232957412416470e-07
2.221754830835587306e-06
4.690371309541795329e-06
1.012132756269545196e-05
2.888281280086263497e-05
2.456273396312677148e-04
7.422636028173825937e-03
1.011456355354379832e-01
3.899866003497535760e-01
3.929035175809928448e-01
1.010106022140527526e-01
7.048887493297705843e-03
1.881085756774130563e-04
1.974893182964966588e-06
0.000000000000000000e+00
0.000000000000000000e+00
0.000000000000000000e+00
0.000000000000000000e+00
0.000000000000000000e+00
0.000000000000000000e+00
0.000000000000000000e+00
