1.234308239353104012e-06
1.481169887223724729e-06
9.874465914824832940e-07
1.234308239353104012e-06
1.234308239353104012e-06
2.962339774447449459e-06
8.640157675471727658e-06
2.493302643493270010e-05
2.476022328142326603e-04
7.480401653775551295e-03
1.012562295536840185e-01
3.903744199985583196e-01
3.914917158168207401e-01
1.018615343142627722e-01
7.112330936800455826e-03
1.323178432586527521e-04
0.000000000000000000e+00
0.000000000000000000e+00
0.000000000000000000e+00
0.000000000000000000e+00
0.000000000000000000e+00
0.000000000000000000e+00
0.000000000000000000e+00
0.000000000000000000e+00
