0.000000000000000000e+00
2.221754830835587306e-06
2.715478126576828741e-06
5.924679548894898917e-06
5.430956253153657482e-06
1.061505085843669509e-05
2.468616478706207854e-05
6.220913526339644456e-05
3.500498166805403148e-04
7.729978779772749171e-03
1.018561033580096253e-01
3.891835594092304396e-01
3.905926456952759640e-01
1.026495166942657938e-01
7.302908128956574901e-03
2.179788350697581538e-04
3.456063070188691317e-06
0.000000000000000000e+00
0.000000000000000000e+00
0.000000000000000000e+00
0.000000000000000000e+00
0.000000000000000000e+00
0.000000000000000000e+00
0.000000000000000000e+00
