2.468616478706208023e-06
3.456063070188691317e-06
3.702924718059312035e-06
7.405849436118624070e-06
1.357739063288414370e-05
1.974893182964966419e-05
3.184515257531008359e-05
7.331790941757437092e-05
3.905351269313220752e-04
7.823786205963585705e-03
1.023917931338888671e-01
3.883350959254991408e-01
3.886619407472798327e-01
1.042825064949299552e-01
7.752196328081105078e-03
1.979830415922378918e-04
2.468616478706208023e-06
0.000000000000000000e+00
0.000000000000000000e+00
0.000000000000000000e+00
0.000000000000000000e+00
0.000000000000000000e+00
0.000000000000000000e+00
0.000000000000000000e+00
