0.000000000000000000e+00
0.000000000000000000e+00
0.000000000000000000e+00
1.481169887223724729e-06
2.715478126576828741e-06
4.937232957412416047e-06
1.258994404140166083e-05
2.394557984345021723e-05
2.471085095184914239e-04
7.528786536758193433e-03
1.015653003368180290e-01
3.911458626481540413e-01
3.906084448407396992e-01
1.014744552504016489e-01
7.206632086287033216e-03
1.740374617487876576e-04
3.702924718059312035e-06
0.000000000000000000e+00
0.000000000000000000e+00
0.000000000000000000e+00
0.000000000000000000e+00
0.000000000000000000e+00
0.000000000000000000e+00
0.000000000000000000e+00
