2.468616478706208235e-07
1.234308239353104012e-06
1.728031535094345659e-06
1.481169887223724729e-06
2.221754830835587306e-06
1.481169887223724729e-06
6.171541196765519635e-06
1.481169887223724814e-05
2.508114342365507237e-04
7.300192650829998020e-03
1.005536613038442301e-01
3.910824192046512549e-01
3.919340918898049364e-01
1.016272626104335608e-01
7.071351903253932612e-03
1.508324668489493051e-04
0.000000000000000000e+00
0.000000000000000000e+00
0.000000000000000000e+00
0.000000000000000000e+00
0.000000000000000000e+00
0.000000000000000000e+00
0.000000000000000000e+00
0.000000000000000000e+00
