0.000000000000000000e+00
0.000000000000000000e+00
0.000000000000000000e+00
1.481169887223724729e-06
1.974893182964966588e-06
2.715478126576828741e-06
5.430956253153657482e-06
2.123010171687339019e-05
2.300750558154185800e-04
7.318707274420294465e-03
1.008869245284695626e-01
3.912599127294702495e-01
3.913334775005357091e-01
1.015423422035660606e-01
7.246129949946332124e-03
1.473764037787606235e-04
2.221754830835587306e-06
0.000000000000000000e+00
0.000000000000000000e+00
0.000000000000000000e+00
0.000000000000000000e+00
0.000000000000000000e+00
0.000000000000000000e+00
0.000000000000000000e+00
