4.937232957412416470e-07
2.715478126576828741e-06
2.468616478706208235e-07
5.184094605283036764e-06
1.036818921056607353e-05
1.431797557649600670e-05
1.900834688603780288e-05
3.357318411040443115e-05
2.814222785725077028e-04
7.860815453144178594e-03
1.019052288259358757e-01
3.892909442260541475e-01
3.905879553239663959e-01
1.022668811400663375e-01
7.527799090166710852e-03
1.905771921561192652e-04
7.405849436118623647e-07
0.000000000000000000e+00
0.000000000000000000e+00
0.000000000000000000e+00
0.000000000000000000e+00
0.000000000000000000e+00
0.000000000000000000e+00
0.000000000000000000e+00
