0.000000000000000000e+00
0.000000000000000000e+00
1.481169887223724729e-06
7.405849436118623647e-07
3.456063070188691317e-06
5.677817901024278200e-06
1.184935909778979783e-05
3.900414036355808524e-05
2.653762714609173316e-04
7.528786536758193433e-03
1.010078867359261723e-01
3.914507367832742446e-01
3.901890269010074852e-01
1.020501366132359339e-01
7.313523179815011564e-03
1.305898117235583977e-04
1.728031535094345659e-06
0.000000000000000000e+00
0.000000000000000000e+00
0.000000000000000000e+00
0.000000000000000000e+00
0.000000000000000000e+00
0.000000000000000000e+00
0.000000000000000000e+00
