1.481169887223724729e-06
1.974893182964966588e-06
1.481169887223724729e-06
4.937232957412416047e-06
6.665264492506761917e-06
1.555228381584911114e-05
3.653552388485187637e-05
8.319237533239920641e-05
4.359576701395163076e-04
7.680606450198624452e-03
1.005270002458742012e-01
3.901384202631940079e-01
3.912648499624276632e-01
1.021957849854795986e-01
7.455962350636360231e-03
1.495981586095962142e-04
0.000000000000000000e+00
0.000000000000000000e+00
0.000000000000000000e+00
0.000000000000000000e+00
0.000000000000000000e+00
0.000000000000000000e+00
0.000000000000000000e+00
0.000000000000000000e+00
