0.000000000000000000e+00
2.468616478706208235e-07
1.481169887223724729e-06
9.874465914824832940e-07
2.468616478706208023e-06
5.184094605283036764e-06
1.333052898501352383e-05
4.246020343374678037e-05
3.367192876955267707e-04
7.639133693356360381e-03
1.009303721784947927e-01
3.899589518451920811e-01
3.918163388837705985e-01
1.016136852198006729e-01
7.464355646663960869e-03
1.730500151573051849e-04
1.234308239353104012e-06
0.000000000000000000e+00
0.000000000000000000e+00
0.000000000000000000e+00
0.000000000000000000e+00
0.000000000000000000e+00
0.000000000000000000e+00
0.000000000000000000e+00
