0.000000000000000000e+00
0.000000000000000000e+00
0.000000000000000000e+00
2.468616478706208235e-07
1.728031535094345659e-06
2.715478126576828741e-06
1.728031535094345659e-06
1.950207018177904262e-05
2.253846845058767804e-04
7.497435107478624301e-03
1.009802382313646635e-01
3.908780177602144135e-01
3.913784063204481245e-01
1.017287227477083889e-01
7.138991994770482914e-03
1.446609256521837964e-04
2.221754830835587306e-06
0.000000000000000000e+00
0.000000000000000000e+00
0.000000000000000000e+00
0.000000000000000000e+00
0.000000000000000000e+00
0.000000000000000000e+00
0.000000000000000000e+00
