0.000000000000000000e+00
0.000000000000000000e+00
0.000000000000000000e+00
0.000000000000000000e+00
0.000000000000000000e+00
0.000000000000000000e+00
3.702924718059312035e-06
2.517988808280332167e-05
2.283470242803242256e-04
7.349071257108381015e-03
1.012293216340661162e-01
3.909387457255905640e-01
3.913102725056358255e-01
1.013463340551567921e-01
7.356970829840240797e-03
2.081043691549333454e-04
3.949786365929933176e-06
0.000000000000000000e+00
0.000000000000000000e+00
0.000000000000000000e+00
0.000000000000000000e+00
0.000000000000000000e+00
0.000000000000000000e+00
0.000000000000000000e+00
