0.000000000000000000e+00
0.000000000000000000e+00
4.937232957412416470e-07
1.728031535094345659e-06
3.456063070188691317e-06
4.690371309541795329e-06
1.012132756269545196e-05
2.912967444873325315e-05
2.401963833781140336e-04
7.383878749458138747e-03
1.000330300884850893e-01
3.919086651400742194e-01
3.915889793060817747e-01
1.015897396399572244e-01
7.049381216593447567e-03
1.562634231021029592e-04
2.468616478706208235e-07
0.000000000000000000e+00
0.000000000000000000e+00
0.000000000000000000e+00
0.000000000000000000e+00
0.000000000000000000e+00
0.000000000000000000e+00
0.000000000000000000e+00
