0.000000000000000000e+00
1.234308239353104012e-06
1.234308239353104012e-06
2.468616478706208023e-06
5.184094605283036764e-06
6.665264492506761917e-06
1.234308239353103927e-05
4.270706508161739855e-05
3.300540232030199986e-04
7.640121139947842963e-03
1.009481462171414740e-01
3.902322276893848696e-01
3.918832383903435579e-01
1.016800910030778715e-01
7.061230575691237674e-03
1.493512969617255960e-04
3.702924718059312035e-06
0.000000000000000000e+00
0.000000000000000000e+00
0.000000000000000000e+00
0.000000000000000000e+00
0.000000000000000000e+00
0.000000000000000000e+00
0.000000000000000000e+00
