0.000000000000000000e+00
0.000000000000000000e+00
0.000000000000000000e+00
0.000000000000000000e+00
0.000000000000000000e+00
1.234308239353104012e-06
1.012132756269545196e-05
3.480749234975753559e-05
2.880875430650144749e-04
7.525824196983745690e-03
1.009491336637329678e-01
3.898742782999724543e-01
3.924408988528833020e-01
1.018946137750774417e-01
6.834117859650266566e-03
1.468826804830193871e-04
0.000000000000000000e+00
0.000000000000000000e+00
0.000000000000000000e+00
0.000000000000000000e+00
0.000000000000000000e+00
0.000000000000000000e+00
0.000000000000000000e+00
0.000000000000000000e+00
