9.874465914824832940e-07
1.974893182964966588e-06
1.234308239353104012e-06
6.171541196765519635e-06
9.874465914824832093e-06
1.653973040733159401e-05
3.011712104021573602e-05
6.591205998145575787e-05
3.855978939739097117e-04
7.474970697522397532e-03
1.013910160134213756e-01
3.895192912503345206e-01
3.916383516356559125e-01
1.020442119336870401e-01
7.213050489131668692e-03
1.918115003954723560e-04
3.456063070188691317e-06
0.000000000000000000e+00
0.000000000000000000e+00
0.000000000000000000e+00
0.000000000000000000e+00
0.000000000000000000e+00
0.000000000000000000e+00
0.000000000000000000e+00
