0.000000000000000000e+00
0.000000000000000000e+00
0.000000000000000000e+00
0.000000000000000000e+00
0.000000000000000000e+00
3.702924718059312035e-06
9.627604266954210529e-06
3.431376905401629246e-05
2.856189265863082389e-04
7.383385026162397023e-03
1.002663143457228206e-01
3.920693720728379850e-01
3.918373221238396487e-01
1.010308448691781408e-01
6.919778851461371588e-03
1.535479449755261321e-04
6.171541196765519635e-06
0.000000000000000000e+00
0.000000000000000000e+00
0.000000000000000000e+00
0.000000000000000000e+00
0.000000000000000000e+00
0.000000000000000000e+00
0.000000000000000000e+00
