0.000000000000000000e+00
0.000000000000000000e+00
0.000000000000000000e+00
0.000000000000000000e+00
0.000000000000000000e+00
0.000000000000000000e+00
5.924679548894898917e-06
2.517988808280332167e-05
2.290876092239361073e-04
7.379682101444338428e-03
1.019573166336365799e-01
3.899426589764325990e-01
3.907535994896875753e-01
1.024609143952926460e-01
7.089619665196359062e-03
1.550291148627498683e-04
9.874465914824832940e-07
0.000000000000000000e+00
0.000000000000000000e+00
0.000000000000000000e+00
0.000000000000000000e+00
0.000000000000000000e+00
0.000000000000000000e+00
0.000000000000000000e+00
