0.000000000000000000e+00
0.000000000000000000e+00
0.000000000000000000e+00
0.000000000000000000e+00
2.468616478706208235e-07
1.974893182964966588e-06
7.405849436118624070e-06
2.098324006900276862e-05
1.937863935784373286e-04
7.107887427138784645e-03
1.011550162780570639e-01
3.925702543563674984e-01
3.900221484270469663e-01
1.015875178851263910e-01
7.198979375203043429e-03
1.328115665543939884e-04
9.874465914824832940e-07
0.000000000000000000e+00
0.000000000000000000e+00
0.000000000000000000e+00
0.000000000000000000e+00
0.000000000000000000e+00
0.000000000000000000e+00
0.000000000000000000e+00
