1.481169887223724729e-06
7.405849436118623647e-07
3.949786365929933176e-06
2.221754830835587306e-06
4.690371309541795329e-06
7.899572731859866352e-06
1.703345370307283375e-05
5.628445571450154056e-05
3.135142927956883910e-04
7.337962482954203496e-03
1.012685726360775529e-01
3.901250897342090074e-01
3.923611625406210890e-01
1.010987318223425524e-01
7.212309904188056973e-03
1.819370344806475206e-04
6.171541196765519635e-06
0.000000000000000000e+00
0.000000000000000000e+00
0.000000000000000000e+00
0.000000000000000000e+00
0.000000000000000000e+00
0.000000000000000000e+00
0.000000000000000000e+00
