0.000000000000000000e+00
0.000000000000000000e+00
0.000000000000000000e+00
0.000000000000000000e+00
4.937232957412416470e-07
3.949786365929933176e-06
7.652711083989244788e-06
1.456483722436662658e-05
2.431587231525614789e-04
7.170096562402181184e-03
1.008718659679494617e-01
3.930299107447026152e-01
3.896355630864815622e-01
1.014003967560404562e-01
7.444606714834310981e-03
1.777403864668469845e-04
0.000000000000000000e+00
0.000000000000000000e+00
0.000000000000000000e+00
0.000000000000000000e+00
0.000000000000000000e+00
0.000000000000000000e+00
0.000000000000000000e+00
0.000000000000000000e+00
