0.000000000000000000e+00
0.000000000000000000e+00
0.000000000000000000e+00
0.000000000000000000e+00
0.000000000000000000e+00
1.974893182964966588e-06
7.652711083989244788e-06
1.678659205520221558e-05
2.172382501261462993e-04
7.382397579570915309e-03
1.009219788824671921e-01
3.918871881767094778e-01
3.907452061936599885e-01
1.014574217966985742e-01
7.149607045628919577e-03
2.078575075070627002e-04
4.690371309541795329e-06
0.000000000000000000e+00
0.000000000000000000e+00
0.000000000000000000e+00
0.000000000000000000e+00
0.000000000000000000e+00
0.000000000000000000e+00
0.000000000000000000e+00
