7.405849436118623647e-07
1.974893182964966588e-06
3.209201422318070176e-06
3.456063070188691317e-06
4.690371309541795329e-06
1.703345370307283375e-05
3.159829092743946541e-05
7.874886567072803857e-05
3.959660831844757835e-04
7.873158535537709557e-03
1.007938576872223491e-01
3.884595141960259235e-01
3.926151831762799693e-01
1.024673327981372867e-01
7.082213815760240137e-03
1.683596438477633853e-04
1.481169887223724729e-06
0.000000000000000000e+00
0.000000000000000000e+00
0.000000000000000000e+00
0.000000000000000000e+00
0.000000000000000000e+00
0.000000000000000000e+00
0.000000000000000000e+00
