0.000000000000000000e+00
0.000000000000000000e+00
0.000000000000000000e+00
7.405849436118623647e-07
1.481169887223724729e-06
9.380742619083590658e-06
1.283680568927228071e-05
3.061084433595697915e-05
2.532800507152569596e-04
7.427573261131238842e-03
9.989651559721263174e-02
3.921305937615099380e-01
3.914359250844020033e-01
1.018045092736046681e-01
6.862013225859646230e-03
1.328115665543939884e-04
1.728031535094345659e-06
0.000000000000000000e+00
0.000000000000000000e+00
0.000000000000000000e+00
0.000000000000000000e+00
0.000000000000000000e+00
0.000000000000000000e+00
0.000000000000000000e+00
