0.000000000000000000e+00
0.000000000000000000e+00
1.234308239353104012e-06
9.874465914824832940e-07
2.962339774447449459e-06
5.924679548894898917e-06
1.604600711159035088e-05
3.233887587105132672e-05
2.898155746001088292e-04
7.426338952891885399e-03
1.014107649452510168e-01
3.898308306499472242e-01
3.914741886398219184e-01
1.020849441055856899e-01
7.280690580648218994e-03
1.414517242298657059e-04
1.481169887223724729e-06
0.000000000000000000e+00
0.000000000000000000e+00
0.000000000000000000e+00
0.000000000000000000e+00
0.000000000000000000e+00
0.000000000000000000e+00
0.000000000000000000e+00
