0.000000000000000000e+00
0.000000000000000000e+00
0.000000000000000000e+00
0.000000000000000000e+00
7.405849436118623647e-07
2.468616478706208023e-06
5.677817901024278200e-06
1.505856052010786801e-05
1.977361799443672465e-04
7.378447793204984985e-03
1.013697859117045075e-01
3.904494659395110201e-01
3.920562884055008857e-01
1.013058487449060158e-01
7.094803759801641962e-03
1.226902389916985348e-04
9.874465914824832940e-07
0.000000000000000000e+00
0.000000000000000000e+00
0.000000000000000000e+00
0.000000000000000000e+00
0.000000000000000000e+00
0.000000000000000000e+00
0.000000000000000000e+00
