0.000000000000000000e+00
0.000000000000000000e+00
0.000000000000000000e+00
7.405849436118623647e-07
1.974893182964966588e-06
1.974893182964966588e-06
4.937232957412416047e-06
2.542674973067394323e-05
2.421712765610790062e-04
7.115786999870644426e-03
1.004156656426845456e-01
3.919713679986333577e-01
3.919790207097173518e-01
1.010528155558386293e-01
7.013339416004337259e-03
1.737906001009170394e-04
9.874465914824832940e-07
0.000000000000000000e+00
0.000000000000000000e+00
0.000000000000000000e+00
0.000000000000000000e+00
0.000000000000000000e+00
0.000000000000000000e+00
0.000000000000000000e+00
