0.000000000000000000e+00
0.000000000000000000e+00
0.000000000000000000e+00
0.000000000000000000e+00
0.000000000000000000e+00
4.937232957412416470e-07
8.640157675471727658e-06
3.727610882846373768e-05
3.024055186415104918e-04
7.483610855197869900e-03
1.013048612983145219e-01
3.905092064582956768e-01
3.915573810151543599e-01
1.013520118730578123e-01
7.269334944846170612e-03
1.715688452700814487e-04
3.209201422318070176e-06
0.000000000000000000e+00
0.000000000000000000e+00
0.000000000000000000e+00
0.000000000000000000e+00
0.000000000000000000e+00
0.000000000000000000e+00
0.000000000000000000e+00
