0.000000000000000000e+00
0.000000000000000000e+00
0.000000000000000000e+00
0.000000000000000000e+00
1.974893182964966588e-06
3.949786365929933176e-06
1.604600711159035088e-05
2.937653609660387472e-05
2.480959561099738966e-04
7.441150651764122381e-03
1.018985635614433755e-01
3.900132614077236326e-01
3.903981187167538947e-01
1.025058432152051030e-01
7.269581806494041475e-03
1.737906001009170394e-04
2.468616478706208235e-07
0.000000000000000000e+00
0.000000000000000000e+00
0.000000000000000000e+00
0.000000000000000000e+00
0.000000000000000000e+00
0.000000000000000000e+00
0.000000000000000000e+00
