0.000000000000000000e+00
0.000000000000000000e+00
0.000000000000000000e+00
0.000000000000000000e+00
0.000000000000000000e+00
4.443509661671174611e-06
9.627604266954210529e-06
3.233887587105132672e-05
3.063553050074404368e-04
7.649501882566927050e-03
1.011446480888464894e-01
3.889278107420364727e-01
3.932607263854616120e-01
1.016260283021942074e-01
6.878552956266977512e-03
1.599663478201622860e-04
0.000000000000000000e+00
0.000000000000000000e+00
0.000000000000000000e+00
0.000000000000000000e+00
0.000000000000000000e+00
0.000000000000000000e+00
0.000000000000000000e+00
0.000000000000000000e+00
