0.000000000000000000e+00
0.000000000000000000e+00
0.000000000000000000e+00
7.405849436118623647e-07
1.728031535094345659e-06
7.899572731859866352e-06
2.271127160409711280e-05
5.702504065811340187e-05
2.930247760224268926e-04
7.677397248776306714e-03
1.020165634291255313e-01
3.897115964740257010e-01
3.905543821398559934e-01
1.018802957995009473e-01
7.575443388205740404e-03
1.989704881837203645e-04
2.221754830835587306e-06
0.000000000000000000e+00
0.000000000000000000e+00
0.000000000000000000e+00
0.000000000000000000e+00
0.000000000000000000e+00
0.000000000000000000e+00
0.000000000000000000e+00
