9.874465914824832940e-07
2.715478126576828741e-06
3.949786365929933176e-06
8.146434379730486223e-06
1.333052898501352383e-05
2.912967444873325315e-05
3.826355541994622394e-05
7.948945061433989310e-05
4.260832042246914721e-04
8.172354852756901281e-03
1.014734678038101551e-01
3.883116440689514115e-01
3.909103566360854209e-01
1.028437968111399758e-01
7.472255219395820651e-03
2.108198472815101725e-04
1.728031535094345659e-06
0.000000000000000000e+00
0.000000000000000000e+00
0.000000000000000000e+00
0.000000000000000000e+00
0.000000000000000000e+00
0.000000000000000000e+00
0.000000000000000000e+00
