0.000000000000000000e+00
0.000000000000000000e+00
0.000000000000000000e+00
0.000000000000000000e+00
2.221754830835587306e-06
2.221754830835587306e-06
3.209201422318070176e-06
2.197068666048525149e-05
2.387152134908903246e-04
7.361661201149782841e-03
1.008723596912451947e-01
3.910767413867502484e-01
3.915403475614512852e-01
1.012024137144482139e-01
7.453000010861912487e-03
2.164976651825344447e-04
8.640157675471727658e-06
0.000000000000000000e+00
0.000000000000000000e+00
0.000000000000000000e+00
0.000000000000000000e+00
0.000000000000000000e+00
0.000000000000000000e+00
0.000000000000000000e+00
