3.456063070188691317e-06
1.728031535094345659e-06
4.196648013800553894e-06
6.665264492506761917e-06
7.158987788248003352e-06
1.629286875946097245e-05
3.431376905401629246e-05
8.887019323342349223e-05
4.364513934352575440e-04
7.907225442943855570e-03
1.018956012216689216e-01
3.887006980259954947e-01
3.903396125062085775e-01
1.027156756158951190e-01
7.652464222341373926e-03
1.841587893114831113e-04
9.874465914824832940e-07
0.000000000000000000e+00
0.000000000000000000e+00
0.000000000000000000e+00
0.000000000000000000e+00
0.000000000000000000e+00
0.000000000000000000e+00
0.000000000000000000e+00
