0.000000000000000000e+00
0.000000000000000000e+00
0.000000000000000000e+00
0.000000000000000000e+00
7.405849436118623647e-07
4.443509661671174611e-06
1.604600711159035088e-05
4.394137332097050299e-05
2.915436061352031836e-04
7.521380687322074508e-03
1.021572745684117822e-01
3.901907549325425717e-01
3.890398859301697487e-01
1.030830057479266149e-01
7.438188311989675505e-03
2.100792623378982908e-04
2.715478126576828741e-06
0.000000000000000000e+00
0.000000000000000000e+00
0.000000000000000000e+00
0.000000000000000000e+00
0.000000000000000000e+00
0.000000000000000000e+00
0.000000000000000000e+00
