0.000000000000000000e+00
0.000000000000000000e+00
0.000000000000000000e+00
0.000000000000000000e+00
0.000000000000000000e+00
2.221754830835587306e-06
2.048951677326152549e-05
4.937232957412415708e-05
3.251167902456075808e-04
7.501384893844553758e-03
1.011352673462274088e-01
3.895049732747580262e-01
3.919027404605253673e-01
1.020187851839563647e-01
7.408318052597329811e-03
1.313303966671702523e-04
0.000000000000000000e+00
0.000000000000000000e+00
0.000000000000000000e+00
0.000000000000000000e+00
0.000000000000000000e+00
0.000000000000000000e+00
0.000000000000000000e+00
0.000000000000000000e+00
