0.000000000000000000e+00
0.000000000000000000e+00
0.000000000000000000e+00
0.000000000000000000e+00
2.221754830835587306e-06
1.481169887223724729e-06
8.640157675471727658e-06
2.690791961789766585e-05
2.752507373757421671e-04
7.336728174714850052e-03
1.007573221633374927e-01
3.914050673784181811e-01
3.920360457503754836e-01
1.010012214714336581e-01
6.970385489274848884e-03
1.772466631711057210e-04
1.481169887223724729e-06
0.000000000000000000e+00
0.000000000000000000e+00
0.000000000000000000e+00
0.000000000000000000e+00
0.000000000000000000e+00
0.000000000000000000e+00
0.000000000000000000e+00
