0.000000000000000000e+00
0.000000000000000000e+00
0.000000000000000000e+00
0.000000000000000000e+00
0.000000000000000000e+00
1.728031535094345659e-06
2.715478126576828741e-06
2.493302643493270010e-05
2.532800507152569596e-04
7.753430636320457654e-03
1.006832636689763000e-01
3.900231358736384601e-01
3.925714886646068380e-01
1.013438654386780852e-01
7.196263897076466548e-03
1.458952338915368873e-04
0.000000000000000000e+00
0.000000000000000000e+00
0.000000000000000000e+00
0.000000000000000000e+00
0.000000000000000000e+00
0.000000000000000000e+00
0.000000000000000000e+00
0.000000000000000000e+00
