0.000000000000000000e+00
0.000000000000000000e+00
0.000000000000000000e+00
1.481169887223724729e-06
1.974893182964966588e-06
4.443509661671174611e-06
8.146434379730486223e-06
3.283259916679256307e-05
2.764850456150952851e-04
7.746518510180080454e-03
1.019388020100462783e-01
3.886394763373235972e-01
3.916679750334003951e-01
1.021861573812126445e-01
7.306364192026763502e-03
1.886022989731542926e-04
7.405849436118623647e-07
0.000000000000000000e+00
0.000000000000000000e+00
0.000000000000000000e+00
0.000000000000000000e+00
0.000000000000000000e+00
0.000000000000000000e+00
0.000000000000000000e+00
