0.000000000000000000e+00
0.000000000000000000e+00
0.000000000000000000e+00
0.000000000000000000e+00
0.000000000000000000e+00
2.468616478706208235e-07
9.380742619083590658e-06
1.999579347752028575e-05
1.997110731273322190e-04
7.610497742203368998e-03
1.008760626159632551e-01
3.902006293984573992e-01
3.925011330949637056e-01
1.016077605402517792e-01
6.813381481229134097e-03
1.567571463978441955e-04
4.443509661671174611e-06
0.000000000000000000e+00
0.000000000000000000e+00
0.000000000000000000e+00
0.000000000000000000e+00
0.000000000000000000e+00
0.000000000000000000e+00
0.000000000000000000e+00
