0.000000000000000000e+00
0.000000000000000000e+00
0.000000000000000000e+00
0.000000000000000000e+00
0.000000000000000000e+00
0.000000000000000000e+00
5.677817901024278200e-06
2.221754830835587306e-05
2.258784078016180168e-04
7.339196791193556071e-03
1.014932167356398102e-01
3.901290395205749273e-01
3.921641669456203405e-01
1.013915097367171086e-01
7.080979507520886694e-03
1.481169887223724780e-04
0.000000000000000000e+00
0.000000000000000000e+00
0.000000000000000000e+00
0.000000000000000000e+00
0.000000000000000000e+00
0.000000000000000000e+00
0.000000000000000000e+00
0.000000000000000000e+00
