2.962339774447449459e-06
2.468616478706208023e-06
3.456063070188691317e-06
2.221754830835587306e-06
7.899572731859866352e-06
1.234308239353103927e-05
1.777403864668469845e-05
4.813802133477105264e-05
3.786857678335322944e-04
8.223455213866120300e-03
1.019047351026401427e-01
3.879435733519763230e-01
3.911431471700274609e-01
1.023942617503675739e-01
7.708254954760134121e-03
2.011922430145559552e-04
7.405849436118623647e-07
0.000000000000000000e+00
0.000000000000000000e+00
0.000000000000000000e+00
0.000000000000000000e+00
0.000000000000000000e+00
0.000000000000000000e+00
0.000000000000000000e+00
