0.000000000000000000e+00
0.000000000000000000e+00
2.468616478706208235e-07
2.468616478706208023e-06
4.690371309541795329e-06
6.912126140377382635e-06
9.627604266954210529e-06
5.282839264431285221e-05
3.132674311478177999e-04
7.580874344458894167e-03
1.014043465424063900e-01
3.894916427457729702e-01
3.918612677036830694e-01
1.019373208401590514e-01
7.192314110710537091e-03
1.421923091734775876e-04
0.000000000000000000e+00
0.000000000000000000e+00
0.000000000000000000e+00
0.000000000000000000e+00
0.000000000000000000e+00
0.000000000000000000e+00
0.000000000000000000e+00
0.000000000000000000e+00
