0.000000000000000000e+00
9.874465914824832940e-07
1.481169887223724729e-06
1.481169887223724729e-06
3.702924718059312035e-06
1.135563580204855640e-05
1.678659205520221558e-05
3.530121564549877194e-05
2.582172836726693774e-04
7.340184237785038653e-03
1.003193896000150048e-01
3.925347062790741082e-01
3.903512150036584916e-01
1.014675431242612613e-01
7.475711282466009251e-03
1.760123549317526301e-04
5.924679548894898917e-06
0.000000000000000000e+00
0.000000000000000000e+00
0.000000000000000000e+00
0.000000000000000000e+00
0.000000000000000000e+00
0.000000000000000000e+00
0.000000000000000000e+00
