0.000000000000000000e+00
0.000000000000000000e+00
0.000000000000000000e+00
0.000000000000000000e+00
0.000000000000000000e+00
0.000000000000000000e+00
0.000000000000000000e+00
1.184935909778979783e-05
1.930458086348254740e-04
7.222924955046493636e-03
1.014727272188665486e-01
3.915961382938700219e-01
3.902707381064526859e-01
1.018015469338302142e-01
7.277481379225901256e-03
1.518199134404317778e-04
1.728031535094345659e-06
0.000000000000000000e+00
0.000000000000000000e+00
0.000000000000000000e+00
0.000000000000000000e+00
0.000000000000000000e+00
0.000000000000000000e+00
0.000000000000000000e+00
