0.000000000000000000e+00
0.000000000000000000e+00
1.234308239353104012e-06
1.974893182964966588e-06
2.468616478706208023e-06
4.937232957412416047e-06
1.012132756269545196e-05
3.209201422318070176e-05
3.031461035851223192e-04
7.491016704633987958e-03
1.011950078650121071e-01
3.901749557870788920e-01
3.917074728970597053e-01
1.017630365167623979e-01
7.168121669219216022e-03
1.444140640043131783e-04
0.000000000000000000e+00
0.000000000000000000e+00
0.000000000000000000e+00
0.000000000000000000e+00
0.000000000000000000e+00
0.000000000000000000e+00
0.000000000000000000e+00
0.000000000000000000e+00
