0.000000000000000000e+00
0.000000000000000000e+00
0.000000000000000000e+00
0.000000000000000000e+00
1.728031535094345659e-06
4.690371309541795329e-06
1.110877415417793653e-05
3.307946081466318802e-05
2.656231331087879769e-04
7.655920285411562526e-03
1.012396898232766768e-01
3.900865793171411910e-01
3.913164440468326344e-01
1.021140737800344256e-01
7.100975300998407444e-03
1.691002287913752399e-04
9.874465914824832940e-07
0.000000000000000000e+00
0.000000000000000000e+00
0.000000000000000000e+00
0.000000000000000000e+00
0.000000000000000000e+00
0.000000000000000000e+00
0.000000000000000000e+00
