9.874465914824832940e-07
1.481169887223724729e-06
1.234308239353104012e-06
1.974893182964966588e-06
1.481169887223724729e-06
6.912126140377382635e-06
1.308366733714290227e-05
3.159829092743946541e-05
2.471085095184914239e-04
7.233046282609189442e-03
1.010340540706004542e-01
3.914386405625285836e-01
3.911643772717443013e-01
1.013989155861532293e-01
7.298958342590645444e-03
1.251588554704047437e-04
9.874465914824832940e-07
0.000000000000000000e+00
0.000000000000000000e+00
0.000000000000000000e+00
0.000000000000000000e+00
0.000000000000000000e+00
0.000000000000000000e+00
0.000000000000000000e+00
