4.937232957412416470e-07
2.715478126576828741e-06
2.221754830835587306e-06
3.456063070188691317e-06
4.937232957412416047e-06
1.012132756269545196e-05
1.703345370307283375e-05
4.344765002522925986e-05
3.599242825953650961e-04
7.884267309691887077e-03
1.016677479206843371e-01
3.881398283620334788e-01
3.923088278712725252e-01
1.019859525847895687e-01
7.385606780993233048e-03
1.787278330583294572e-04
2.468616478706208023e-06
0.000000000000000000e+00
0.000000000000000000e+00
0.000000000000000000e+00
0.000000000000000000e+00
0.000000000000000000e+00
0.000000000000000000e+00
0.000000000000000000e+00
