0.000000000000000000e+00
0.000000000000000000e+00
0.000000000000000000e+00
4.937232957412416470e-07
3.702924718059312035e-06
1.357739063288414370e-05
4.270706508161739855e-05
8.788274664194100597e-05
4.075685806343949192e-04
7.816380356527466780e-03
1.009017362273418039e-01
3.899406840832496668e-01
3.912505319868511688e-01
1.020580361859677876e-01
7.321422752546871346e-03
1.550291148627498683e-04
2.468616478706208235e-07
0.000000000000000000e+00
0.000000000000000000e+00
0.000000000000000000e+00
0.000000000000000000e+00
0.000000000000000000e+00
0.000000000000000000e+00
0.000000000000000000e+00
