0.000000000000000000e+00
0.000000000000000000e+00
0.000000000000000000e+00
9.874465914824832940e-07
4.443509661671174611e-06
1.209622074566041940e-05
1.826776194242593819e-05
3.826355541994622394e-05
2.789536620938015210e-04
7.664313581439164032e-03
1.019044882409922692e-01
3.898678598971277998e-01
3.906160975518236933e-01
1.016781161098949116e-01
7.746765371827951316e-03
1.693470904392458580e-04
0.000000000000000000e+00
0.000000000000000000e+00
0.000000000000000000e+00
0.000000000000000000e+00
0.000000000000000000e+00
0.000000000000000000e+00
0.000000000000000000e+00
0.000000000000000000e+00
