2.962339774447449459e-06
2.962339774447449459e-06
8.146434379730486223e-06
7.158987788248003352e-06
1.950207018177904262e-05
2.419244149132083880e-05
4.468195826458236429e-05
8.788274664194100597e-05
3.584431127081413870e-04
7.945242136715930173e-03
1.014727272188665486e-01
3.883676816630180495e-01
3.913018792096082388e-01
1.026048347360012103e-01
7.555694456376090516e-03
1.930458086348254740e-04
4.937232957412416470e-07
0.000000000000000000e+00
0.000000000000000000e+00
0.000000000000000000e+00
0.000000000000000000e+00
0.000000000000000000e+00
0.000000000000000000e+00
0.000000000000000000e+00
