0.000000000000000000e+00
0.000000000000000000e+00
0.000000000000000000e+00
0.000000000000000000e+00
0.000000000000000000e+00
7.405849436118623647e-07
9.380742619083590658e-06
2.320499489983835593e-05
2.382214901951490611e-04
7.358205138079594240e-03
1.006882009019337137e-01
3.919995102264905995e-01
3.910599547946950194e-01
1.013413968221993783e-01
7.123686572602504208e-03
1.572508696935854590e-04
2.468616478706208235e-07
0.000000000000000000e+00
0.000000000000000000e+00
0.000000000000000000e+00
0.000000000000000000e+00
0.000000000000000000e+00
0.000000000000000000e+00
0.000000000000000000e+00
