0.000000000000000000e+00
0.000000000000000000e+00
0.000000000000000000e+00
0.000000000000000000e+00
4.937232957412416470e-07
3.456063070188691317e-06
7.899572731859866352e-06
3.184515257531008359e-05
2.347654271249603795e-04
7.296242864464068563e-03
1.008249622548540447e-01
3.906481895660468551e-01
3.926941789035985342e-01
1.012340120053756565e-01
6.877071786379754074e-03
1.468826804830193871e-04
0.000000000000000000e+00
0.000000000000000000e+00
0.000000000000000000e+00
0.000000000000000000e+00
0.000000000000000000e+00
0.000000000000000000e+00
0.000000000000000000e+00
0.000000000000000000e+00
