0.000000000000000000e+00
0.000000000000000000e+00
0.000000000000000000e+00
9.874465914824832940e-07
5.184094605283036764e-06
9.133880971212969094e-06
2.394557984345021723e-05
6.048110372830209700e-05
3.285728533157962895e-04
7.716895112435606489e-03
1.016605889328960899e-01
3.883111503456556646e-01
3.925722292495504862e-01
1.017013211047947396e-01
7.428313846074850561e-03
1.811964495370356660e-04
0.000000000000000000e+00
0.000000000000000000e+00
0.000000000000000000e+00
0.000000000000000000e+00
0.000000000000000000e+00
0.000000000000000000e+00
0.000000000000000000e+00
0.000000000000000000e+00
