0.000000000000000000e+00
9.874465914824832940e-07
1.234308239353104012e-06
1.974893182964966588e-06
1.974893182964966588e-06
3.456063070188691317e-06
7.158987788248003352e-06
3.900414036355808524e-05
3.330163629774674709e-04
7.562606582516467717e-03
1.001974399459669290e-01
3.909861431619817140e-01
3.926929445953591946e-01
1.007197991928611563e-01
7.280937442296089857e-03
1.710751219743402124e-04
2.468616478706208235e-07
0.000000000000000000e+00
0.000000000000000000e+00
0.000000000000000000e+00
0.000000000000000000e+00
0.000000000000000000e+00
0.000000000000000000e+00
0.000000000000000000e+00
