9.874465914824832940e-07
1.974893182964966588e-06
3.209201422318070176e-06
2.715478126576828741e-06
8.640157675471727658e-06
1.752717699881407688e-05
3.159829092743946541e-05
7.948945061433989310e-05
4.125058135918073369e-04
7.903522518225795240e-03
1.022394794971527021e-01
3.878194019430973860e-01
3.914529585381050780e-01
1.025199143291337239e-01
7.322657060786224789e-03
1.816901728327769024e-04
4.937232957412416470e-07
0.000000000000000000e+00
0.000000000000000000e+00
0.000000000000000000e+00
0.000000000000000000e+00
0.000000000000000000e+00
0.000000000000000000e+00
0.000000000000000000e+00
