7.405849436118623647e-07
1.481169887223724729e-06
1.728031535094345659e-06
1.234308239353104012e-06
1.728031535094345659e-06
2.221754830835587306e-06
3.949786365929933176e-06
1.456483722436662658e-05
2.239035146186530714e-04
7.329322325278731128e-03
1.011977233431386736e-01
3.915897198910253674e-01
3.905104407665350164e-01
1.019889149245640225e-01
6.992603037583204791e-03
1.392299693990301423e-04
4.937232957412416470e-07
0.000000000000000000e+00
0.000000000000000000e+00
0.000000000000000000e+00
0.000000000000000000e+00
0.000000000000000000e+00
0.000000000000000000e+00
0.000000000000000000e+00
