0.000000000000000000e+00
0.000000000000000000e+00
0.000000000000000000e+00
0.000000000000000000e+00
0.000000000000000000e+00
2.221754830835587306e-06
4.196648013800553894e-06
3.480749234975753559e-05
3.184515257531008088e-04
7.764292548826765179e-03
1.009982591316592182e-01
3.905793151662909635e-01
3.899150104718711041e-01
1.027578889576809956e-01
7.438435173637545500e-03
1.866274057901893201e-04
4.937232957412416470e-07
0.000000000000000000e+00
0.000000000000000000e+00
0.000000000000000000e+00
0.000000000000000000e+00
0.000000000000000000e+00
0.000000000000000000e+00
0.000000000000000000e+00
