0.000000000000000000e+00
0.000000000000000000e+00
0.000000000000000000e+00
0.000000000000000000e+00
0.000000000000000000e+00
0.000000000000000000e+00
6.418402844636140353e-06
2.888281280086263497e-05
2.555018055460925503e-04
7.197004482020079134e-03
1.011194682007636875e-01
3.897555378473466781e-01
3.933179982877675895e-01
1.011360079311710292e-01
6.995318515709781672e-03
1.868742674380599383e-04
9.874465914824832940e-07
0.000000000000000000e+00
0.000000000000000000e+00
0.000000000000000000e+00
0.000000000000000000e+00
0.000000000000000000e+00
0.000000000000000000e+00
0.000000000000000000e+00
