0.000000000000000000e+00
0.000000000000000000e+00
0.000000000000000000e+00
0.000000000000000000e+00
0.000000000000000000e+00
0.000000000000000000e+00
0.000000000000000000e+00
7.899572731859866352e-06
2.263721310973592802e-04
7.633702737103206619e-03
1.015107439126386318e-01
3.892788480053084865e-01
3.921384933342417778e-01
1.019457141361866659e-01
7.084682432238946156e-03
1.725562918615639485e-04
9.874465914824832940e-07
0.000000000000000000e+00
0.000000000000000000e+00
0.000000000000000000e+00
0.000000000000000000e+00
0.000000000000000000e+00
0.000000000000000000e+00
0.000000000000000000e+00
