0.000000000000000000e+00
0.000000000000000000e+00
4.937232957412416470e-07
1.728031535094345659e-06
2.468616478706208023e-06
6.665264492506761917e-06
1.258994404140166083e-05
4.591626650393546873e-05
3.456063070188691334e-04
7.807987060499865274e-03
1.014028653725191631e-01
3.896669145157611314e-01
3.913971678056862857e-01
1.018296891616874700e-01
7.334506419884014895e-03
1.454015105957956510e-04
0.000000000000000000e+00
0.000000000000000000e+00
0.000000000000000000e+00
0.000000000000000000e+00
0.000000000000000000e+00
0.000000000000000000e+00
0.000000000000000000e+00
0.000000000000000000e+00
