0.000000000000000000e+00
0.000000000000000000e+00
0.000000000000000000e+00
0.000000000000000000e+00
0.000000000000000000e+00
0.000000000000000000e+00
2.715478126576828741e-06
1.530542216797848958e-05
2.367403203079253521e-04
7.354255351713663916e-03
1.005452680078166294e-01
3.908296328772317696e-01
3.926119739748576420e-01
1.015060535413290776e-01
6.763515428359268521e-03
1.330584282022646066e-04
1.481169887223724729e-06
0.000000000000000000e+00
0.000000000000000000e+00
0.000000000000000000e+00
0.000000000000000000e+00
0.000000000000000000e+00
0.000000000000000000e+00
0.000000000000000000e+00
