0.000000000000000000e+00
0.000000000000000000e+00
0.000000000000000000e+00
1.234308239353104012e-06
3.702924718059312035e-06
1.061505085843669509e-05
2.024265512539090393e-05
5.356897758792471351e-05
3.601711442432357414e-04
8.022509832499434557e-03
1.012283341874746362e-01
3.887698192873992875e-01
3.915314605421279515e-01
1.023804374980868265e-01
7.441397513411993243e-03
1.740374617487876576e-04
2.468616478706208023e-06
0.000000000000000000e+00
0.000000000000000000e+00
0.000000000000000000e+00
0.000000000000000000e+00
0.000000000000000000e+00
0.000000000000000000e+00
0.000000000000000000e+00
