0.000000000000000000e+00
4.937232957412416470e-07
1.481169887223724729e-06
1.974893182964966588e-06
2.962339774447449459e-06
9.380742619083590658e-06
2.690791961789766585e-05
6.220913526339644456e-05
3.878196488047452482e-04
8.118785875168977109e-03
1.018027812420695677e-01
3.871997792069421518e-01
3.923083341479767783e-01
1.025199143291337239e-01
7.393753215372963691e-03
1.597194861722916678e-04
3.702924718059312035e-06
0.000000000000000000e+00
0.000000000000000000e+00
0.000000000000000000e+00
0.000000000000000000e+00
0.000000000000000000e+00
0.000000000000000000e+00
0.000000000000000000e+00
