0.000000000000000000e+00
0.000000000000000000e+00
0.000000000000000000e+00
0.000000000000000000e+00
0.000000000000000000e+00
7.405849436118623647e-07
8.393296027601107788e-06
3.604180058911063324e-05
2.991963172191924284e-04
7.490769842986117096e-03
1.023656257992145852e-01
3.887675975325684541e-01
3.911433940316753066e-01
1.023927805804803470e-01
7.337715621306332633e-03
1.574977313414560771e-04
2.468616478706208235e-07
0.000000000000000000e+00
0.000000000000000000e+00
0.000000000000000000e+00
0.000000000000000000e+00
0.000000000000000000e+00
0.000000000000000000e+00
0.000000000000000000e+00
