0.000000000000000000e+00
0.000000000000000000e+00
0.000000000000000000e+00
0.000000000000000000e+00
0.000000000000000000e+00
2.468616478706208235e-07
2.715478126576828741e-06
1.653973040733159401e-05
2.540206356588687871e-04
7.467317986438408613e-03
1.018200615574205159e-01
3.898463829337630582e-01
3.912093060916567722e-01
1.017921661912111336e-01
7.426832676187627123e-03
1.636692725382215858e-04
7.405849436118623647e-07
0.000000000000000000e+00
0.000000000000000000e+00
0.000000000000000000e+00
0.000000000000000000e+00
0.000000000000000000e+00
0.000000000000000000e+00
0.000000000000000000e+00
