0.000000000000000000e+00
0.000000000000000000e+00
7.405849436118623647e-07
3.209201422318070176e-06
5.184094605283036764e-06
4.443509661671174611e-06
7.899572731859866352e-06
1.382425228075476527e-05
2.209411748442056261e-04
7.583342960937600186e-03
1.011167527226371210e-01
3.902608636405378584e-01
3.910041640622762826e-01
1.025352197513016983e-01
7.078757752690051537e-03
1.629286875946097312e-04
1.728031535094345659e-06
0.000000000000000000e+00
0.000000000000000000e+00
0.000000000000000000e+00
0.000000000000000000e+00
0.000000000000000000e+00
0.000000000000000000e+00
0.000000000000000000e+00
