0.000000000000000000e+00
0.000000000000000000e+00
0.000000000000000000e+00
0.000000000000000000e+00
4.937232957412416470e-07
1.728031535094345659e-06
5.430956253153657482e-06
1.728031535094345532e-05
2.626607933343405045e-04
7.243661333467626105e-03
1.001181973570004491e-01
3.916709373731748212e-01
3.923944888630835903e-01
1.011685936686899379e-01
6.983716018259862428e-03
1.328115665543939884e-04
0.000000000000000000e+00
0.000000000000000000e+00
0.000000000000000000e+00
0.000000000000000000e+00
0.000000000000000000e+00
0.000000000000000000e+00
0.000000000000000000e+00
0.000000000000000000e+00
