0.000000000000000000e+00
0.000000000000000000e+00
0.000000000000000000e+00
0.000000000000000000e+00
0.000000000000000000e+00
0.000000000000000000e+00
3.702924718059312035e-06
2.666105797002704767e-05
2.764850456150952851e-04
7.471020911156468075e-03
1.011905643553504264e-01
3.911016744131851630e-01
3.908629591996942709e-01
1.016874968525139922e-01
7.238970962158084062e-03
1.402174159905126150e-04
2.468616478706208235e-07
0.000000000000000000e+00
0.000000000000000000e+00
0.000000000000000000e+00
0.000000000000000000e+00
0.000000000000000000e+00
0.000000000000000000e+00
0.000000000000000000e+00
