0.000000000000000000e+00
0.000000000000000000e+00
0.000000000000000000e+00
0.000000000000000000e+00
0.000000000000000000e+00
1.728031535094345659e-06
6.171541196765519635e-06
2.024265512539090393e-05
2.399495217302434155e-04
7.393753215372963691e-03
9.996810547509511757e-02
3.930484253682928752e-01
3.910806911731161684e-01
1.009197571276363586e-01
7.149607045628919577e-03
1.713219836222108306e-04
2.468616478706208235e-07
0.000000000000000000e+00
0.000000000000000000e+00
0.000000000000000000e+00
0.000000000000000000e+00
0.000000000000000000e+00
0.000000000000000000e+00
0.000000000000000000e+00
