0.000000000000000000e+00
0.000000000000000000e+00
0.000000000000000000e+00
0.000000000000000000e+00
3.456063070188691317e-06
6.665264492506761917e-06
1.456483722436662658e-05
3.678238553272250133e-05
2.838908950512139388e-04
7.607041679133179531e-03
1.010392381652057414e-01
3.893376010775017049e-01
3.923547441377764344e-01
1.018064841667876280e-01
7.358945723023205959e-03
1.495981586095962142e-04
9.874465914824832940e-07
0.000000000000000000e+00
0.000000000000000000e+00
0.000000000000000000e+00
0.000000000000000000e+00
0.000000000000000000e+00
0.000000000000000000e+00
0.000000000000000000e+00
