1.234308239353104012e-06
1.481169887223724729e-06
2.221754830835587306e-06
1.974893182964966588e-06
4.937232957412416047e-06
2.962339774447449459e-06
7.405849436118624070e-06
3.258573751892194489e-05
2.708072277140710399e-04
7.777623077811778723e-03
1.010730582109640174e-01
3.896740735035493786e-01
3.928635259940377877e-01
1.007958325804053090e-01
7.311301424984176407e-03
1.782341097625882208e-04
4.937232957412416470e-07
0.000000000000000000e+00
0.000000000000000000e+00
0.000000000000000000e+00
0.000000000000000000e+00
0.000000000000000000e+00
0.000000000000000000e+00
0.000000000000000000e+00
