0.000000000000000000e+00
0.000000000000000000e+00
0.000000000000000000e+00
1.974893182964966588e-06
6.171541196765519635e-06
1.357739063288414370e-05
4.097903354652305099e-05
1.063973702322375589e-04
4.280580974076564718e-04
7.786016373839380229e-03
1.010357821021355545e-01
3.891566514896125373e-01
3.914961593264824069e-01
1.021688770658616963e-01
7.584330407529082767e-03
1.720625685658226851e-04
2.962339774447449459e-06
0.000000000000000000e+00
0.000000000000000000e+00
0.000000000000000000e+00
0.000000000000000000e+00
0.000000000000000000e+00
0.000000000000000000e+00
0.000000000000000000e+00
