0.000000000000000000e+00
9.874465914824832940e-07
1.728031535094345659e-06
3.702924718059312035e-06
4.937232957412416047e-06
9.627604266954210529e-06
2.073637842113214706e-05
6.665264492506761240e-05
3.364724260476561254e-04
7.528786536758193433e-03
1.018514129867000850e-01
3.887577230666536265e-01
3.918328786141779818e-01
1.019138689836113498e-01
7.475958144113880113e-03
1.940332552263079467e-04
4.937232957412416470e-07
0.000000000000000000e+00
0.000000000000000000e+00
0.000000000000000000e+00
0.000000000000000000e+00
0.000000000000000000e+00
0.000000000000000000e+00
0.000000000000000000e+00
