7.405849436118623647e-07
2.468616478706208023e-06
2.715478126576828741e-06
3.702924718059312035e-06
3.456063070188691317e-06
7.899572731859866352e-06
1.505856052010786801e-05
6.146855031978457648e-05
3.507904016241521422e-04
7.349564980404122740e-03
1.015850492686476841e-01
3.892487308842683125e-01
3.922451375661218931e-01
1.017929067761547401e-01
7.161456404726709683e-03
1.619412410031272314e-04
1.728031535094345659e-06
0.000000000000000000e+00
0.000000000000000000e+00
0.000000000000000000e+00
0.000000000000000000e+00
0.000000000000000000e+00
0.000000000000000000e+00
0.000000000000000000e+00
