0.000000000000000000e+00
0.000000000000000000e+00
0.000000000000000000e+00
0.000000000000000000e+00
1.481169887223724729e-06
3.456063070188691317e-06
4.690371309541795329e-06
2.419244149132083880e-05
2.476022328142326603e-04
7.638393108412748662e-03
1.015781371425073104e-01
3.900186923639767378e-01
3.910249004406974316e-01
1.021538185053415954e-01
7.146397844206601839e-03
1.579914546371973135e-04
2.468616478706208235e-07
0.000000000000000000e+00
0.000000000000000000e+00
0.000000000000000000e+00
0.000000000000000000e+00
0.000000000000000000e+00
0.000000000000000000e+00
0.000000000000000000e+00
