0.000000000000000000e+00
0.000000000000000000e+00
0.000000000000000000e+00
0.000000000000000000e+00
1.728031535094345659e-06
1.974893182964966588e-06
7.405849436118624070e-06
2.271127160409711280e-05
2.202005899005937445e-04
6.964213948078083402e-03
1.013505307031705854e-01
3.902090226944849860e-01
3.927405888933982459e-01
1.010345477938962011e-01
7.290565046563043938e-03
1.552759765106204864e-04
1.234308239353104012e-06
0.000000000000000000e+00
0.000000000000000000e+00
0.000000000000000000e+00
0.000000000000000000e+00
0.000000000000000000e+00
0.000000000000000000e+00
0.000000000000000000e+00
