0.000000000000000000e+00
0.000000000000000000e+00
7.405849436118623647e-07
1.728031535094345659e-06
5.184094605283036764e-06
1.234308239353103927e-05
2.048951677326152549e-05
4.764429803902981629e-05
3.142548777393002726e-04
7.826748545738032581e-03
1.010876230481883853e-01
3.899994371554428296e-01
3.903131983098864222e-01
1.025907636220725894e-01
7.603091892767250073e-03
1.767529398753644846e-04
0.000000000000000000e+00
0.000000000000000000e+00
0.000000000000000000e+00
0.000000000000000000e+00
0.000000000000000000e+00
0.000000000000000000e+00
0.000000000000000000e+00
0.000000000000000000e+00
