0.000000000000000000e+00
0.000000000000000000e+00
0.000000000000000000e+00
0.000000000000000000e+00
0.000000000000000000e+00
0.000000000000000000e+00
1.728031535094345659e-06
1.357739063288414370e-05
2.545143589546100234e-04
7.422882889821696799e-03
1.005748914055610982e-01
3.905329051764912518e-01
3.926768985882476137e-01
1.013070830531453692e-01
7.028397976524445104e-03
1.846525126072243476e-04
2.468616478706208023e-06
0.000000000000000000e+00
0.000000000000000000e+00
0.000000000000000000e+00
0.000000000000000000e+00
0.000000000000000000e+00
0.000000000000000000e+00
0.000000000000000000e+00
