1.974893182964966588e-06
1.481169887223724729e-06
1.481169887223724729e-06
2.221754830835587306e-06
1.728031535094345659e-06
5.924679548894898917e-06
1.308366733714290227e-05
3.554807729336939689e-05
2.708072277140710399e-04
7.663079273199810589e-03
1.003403728400840134e-01
3.914712263000474923e-01
3.917062385888203102e-01
1.009691294572104825e-01
7.326606847152154246e-03
1.836650660157418749e-04
3.702924718059312035e-06
0.000000000000000000e+00
0.000000000000000000e+00
0.000000000000000000e+00
0.000000000000000000e+00
0.000000000000000000e+00
0.000000000000000000e+00
0.000000000000000000e+00
