2.468616478706208235e-07
1.481169887223724729e-06
1.234308239353104012e-06
2.468616478706208023e-06
4.443509661671174611e-06
9.874465914824832093e-06
2.567361137854456141e-05
5.899993384107836761e-05
3.423971055965510700e-04
7.926233789829892004e-03
1.012920244926252544e-01
3.890981452790672201e-01
3.908632060613421721e-01
1.028593490949558237e-01
7.333765834940402309e-03
1.698408137349871215e-04
9.874465914824832940e-07
0.000000000000000000e+00
0.000000000000000000e+00
0.000000000000000000e+00
0.000000000000000000e+00
0.000000000000000000e+00
0.000000000000000000e+00
0.000000000000000000e+00
