0.000000000000000000e+00
0.000000000000000000e+00
0.000000000000000000e+00
0.000000000000000000e+00
0.000000000000000000e+00
2.962339774447449459e-06
1.209622074566041940e-05
3.974472530716994655e-05
2.750038757278715760e-04
7.732200534603584328e-03
1.020459399652221266e-01
3.894481950957477401e-01
3.902991271959577735e-01
1.025463285254558793e-01
7.423870336413179380e-03
1.740374617487876576e-04
4.937232957412416470e-07
0.000000000000000000e+00
0.000000000000000000e+00
0.000000000000000000e+00
0.000000000000000000e+00
0.000000000000000000e+00
0.000000000000000000e+00
0.000000000000000000e+00
