0.000000000000000000e+00
7.405849436118623647e-07
1.481169887223724729e-06
1.974893182964966588e-06
1.234308239353104012e-06
3.702924718059312035e-06
9.133880971212969094e-06
1.703345370307283375e-05
2.053888910283564913e-04
7.397703001738893148e-03
1.018640029307414790e-01
3.906358464836532929e-01
3.904277421144983773e-01
1.018474632003341512e-01
7.450284532735335606e-03
1.362676296245826700e-04
0.000000000000000000e+00
0.000000000000000000e+00
0.000000000000000000e+00
0.000000000000000000e+00
0.000000000000000000e+00
0.000000000000000000e+00
0.000000000000000000e+00
0.000000000000000000e+00
