0.000000000000000000e+00
0.000000000000000000e+00
2.468616478706208235e-07
1.481169887223724729e-06
1.481169887223724729e-06
4.937232957412416047e-06
1.728031535094345532e-05
2.987025939234511785e-05
2.833971717554727024e-04
7.715660804196253046e-03
1.018121619846886483e-01
3.889643462659213569e-01
3.908177835181339543e-01
1.028946503106013266e-01
7.280443719000349000e-03
1.760123549317526301e-04
2.468616478706208235e-07
0.000000000000000000e+00
0.000000000000000000e+00
0.000000000000000000e+00
0.000000000000000000e+00
0.000000000000000000e+00
0.000000000000000000e+00
0.000000000000000000e+00
