0.000000000000000000e+00
0.000000000000000000e+00
0.000000000000000000e+00
0.000000000000000000e+00
0.000000000000000000e+00
0.000000000000000000e+00
3.456063070188691317e-06
6.912126140377382635e-06
2.308156407590304345e-04
7.319941582659647908e-03
1.012335182820799234e-01
3.910513146370195869e-01
3.916635315237387283e-01
1.011673593604505983e-01
7.178489858429781822e-03
1.446609256521837964e-04
0.000000000000000000e+00
0.000000000000000000e+00
0.000000000000000000e+00
0.000000000000000000e+00
0.000000000000000000e+00
0.000000000000000000e+00
0.000000000000000000e+00
0.000000000000000000e+00
