0.000000000000000000e+00
2.468616478706208235e-07
1.481169887223724729e-06
1.728031535094345659e-06
3.702924718059312035e-06
8.146434379730486223e-06
1.579914546371973270e-05
3.752297047633436263e-05
2.510582958844213689e-04
7.255016969269674487e-03
1.008698910747664879e-01
3.915487408574788719e-01
3.916647658319780678e-01
1.009353094114522065e-01
7.255016969269674487e-03
1.510793284968199232e-04
4.937232957412416470e-07
0.000000000000000000e+00
0.000000000000000000e+00
0.000000000000000000e+00
0.000000000000000000e+00
0.000000000000000000e+00
0.000000000000000000e+00
0.000000000000000000e+00
