0.000000000000000000e+00
0.000000000000000000e+00
0.000000000000000000e+00
0.000000000000000000e+00
1.974893182964966588e-06
5.430956253153657482e-06
8.887019323342349223e-06
3.530121564549877194e-05
3.177109408094889813e-04
8.138287945350755268e-03
1.016136852198006729e-01
3.890645720949568176e-01
3.901455792509822551e-01
1.028835415364471456e-01
7.626543749314958556e-03
1.545353915670086319e-04
3.949786365929933176e-06
0.000000000000000000e+00
0.000000000000000000e+00
0.000000000000000000e+00
0.000000000000000000e+00
0.000000000000000000e+00
0.000000000000000000e+00
0.000000000000000000e+00
