0.000000000000000000e+00
1.728031535094345659e-06
7.405849436118623647e-07
1.974893182964966588e-06
2.962339774447449459e-06
8.393296027601107788e-06
1.629286875946097245e-05
4.640998979967671186e-05
3.110456763169822092e-04
7.840819659666656977e-03
1.017400783835104294e-01
3.888863379851942303e-01
3.912574441129915148e-01
1.022772493292768980e-01
7.447815916256629587e-03
1.594726245244210226e-04
1.234308239353104012e-06
0.000000000000000000e+00
0.000000000000000000e+00
0.000000000000000000e+00
0.000000000000000000e+00
0.000000000000000000e+00
0.000000000000000000e+00
0.000000000000000000e+00
