0.000000000000000000e+00
0.000000000000000000e+00
0.000000000000000000e+00
0.000000000000000000e+00
0.000000000000000000e+00
0.000000000000000000e+00
1.234308239353104012e-06
1.209622074566041940e-05
2.448867546876558332e-04
7.386347365936844767e-03
1.003184021534235248e-01
3.914438246571338431e-01
3.921599702976065194e-01
1.012224095079257424e-01
7.020992127088326179e-03
1.876148523816717928e-04
2.221754830835587306e-06
0.000000000000000000e+00
0.000000000000000000e+00
0.000000000000000000e+00
0.000000000000000000e+00
0.000000000000000000e+00
0.000000000000000000e+00
0.000000000000000000e+00
