0.000000000000000000e+00
0.000000000000000000e+00
0.000000000000000000e+00
0.000000000000000000e+00
0.000000000000000000e+00
0.000000000000000000e+00
9.874465914824832940e-07
3.456063070188691317e-06
1.920583620433429742e-04
7.283652920422666738e-03
1.014848234396122095e-01
3.909834276838551337e-01
3.913376741485494748e-01
1.011137903828626672e-01
7.441397513411993243e-03
1.587320395808091680e-04
0.000000000000000000e+00
0.000000000000000000e+00
0.000000000000000000e+00
0.000000000000000000e+00
0.000000000000000000e+00
0.000000000000000000e+00
0.000000000000000000e+00
0.000000000000000000e+00
