0.000000000000000000e+00
0.000000000000000000e+00
0.000000000000000000e+00
0.000000000000000000e+00
0.000000000000000000e+00
9.874465914824832940e-07
4.196648013800553894e-06
1.604600711159035088e-05
2.453804779833970696e-04
7.463615061720349150e-03
1.014317481853200253e-01
3.899821568400919092e-01
3.917753598502241030e-01
1.014495222239667066e-01
7.444853576482181844e-03
1.834182043678712567e-04
2.715478126576828741e-06
0.000000000000000000e+00
0.000000000000000000e+00
0.000000000000000000e+00
0.000000000000000000e+00
0.000000000000000000e+00
0.000000000000000000e+00
0.000000000000000000e+00
