0.000000000000000000e+00
0.000000000000000000e+00
0.000000000000000000e+00
0.000000000000000000e+00
2.468616478706208235e-07
1.974893182964966588e-06
4.196648013800553894e-06
2.246440995622649123e-05
2.710540893619416310e-04
7.438928896933287224e-03
1.009237069140022924e-01
3.909054194031280072e-01
3.914788790111314865e-01
1.014421163745305859e-01
7.349811842051992734e-03
1.599663478201622860e-04
1.234308239353104012e-06
0.000000000000000000e+00
0.000000000000000000e+00
0.000000000000000000e+00
0.000000000000000000e+00
0.000000000000000000e+00
0.000000000000000000e+00
0.000000000000000000e+00
