2.221754830835587306e-06
3.209201422318070176e-06
3.702924718059312035e-06
4.937232957412416047e-06
6.912126140377382635e-06
1.481169887223724814e-05
3.456063070188691063e-05
7.899572731859865675e-05
4.134932601832898096e-04
7.798853179528652049e-03
1.006980753678485413e-01
3.901705122774171697e-01
3.908409885130337824e-01
1.020187851839563647e-01
7.694924425775120577e-03
1.979830415922378918e-04
6.418402844636140353e-06
0.000000000000000000e+00
0.000000000000000000e+00
0.000000000000000000e+00
0.000000000000000000e+00
0.000000000000000000e+00
0.000000000000000000e+00
0.000000000000000000e+00
