2.962339774447449459e-06
2.715478126576828741e-06
1.974893182964966588e-06
6.171541196765519635e-06
4.937232957412416047e-06
8.393296027601107788e-06
2.690791961789766585e-05
5.924679548894899256e-05
3.382004575827504797e-04
7.849953540637871069e-03
1.018743711199520535e-01
3.885051836008819870e-01
3.908064278823319415e-01
1.030185748578323762e-01
7.290811908210914800e-03
1.969955950007553920e-04
1.974893182964966588e-06
0.000000000000000000e+00
0.000000000000000000e+00
0.000000000000000000e+00
0.000000000000000000e+00
0.000000000000000000e+00
0.000000000000000000e+00
0.000000000000000000e+00
