0.000000000000000000e+00
0.000000000000000000e+00
0.000000000000000000e+00
4.937232957412416470e-07
7.405849436118623647e-07
6.418402844636140353e-06
3.085770598382759733e-05
7.529280260053934344e-05
4.028782093248531467e-04
7.638886831708490387e-03
1.006311758612756097e-01
3.907706329433906500e-01
3.912794147996520033e-01
1.016020827223507589e-01
7.377460346613502404e-03
1.814433111849062842e-04
2.221754830835587306e-06
0.000000000000000000e+00
0.000000000000000000e+00
0.000000000000000000e+00
0.000000000000000000e+00
0.000000000000000000e+00
0.000000000000000000e+00
0.000000000000000000e+00
