0.000000000000000000e+00
0.000000000000000000e+00
1.728031535094345659e-06
2.221754830835587306e-06
2.221754830835587306e-06
5.677817901024278200e-06
1.333052898501352383e-05
3.653552388485187637e-05
2.522926041237744327e-04
7.625556302723476843e-03
1.007610250880555530e-01
3.900623868756498691e-01
3.926655429524455454e-01
1.012949868323997082e-01
7.157506618360779359e-03
1.187404526257686033e-04
2.468616478706208235e-07
0.000000000000000000e+00
0.000000000000000000e+00
0.000000000000000000e+00
0.000000000000000000e+00
0.000000000000000000e+00
0.000000000000000000e+00
0.000000000000000000e+00
