0.000000000000000000e+00
0.000000000000000000e+00
0.000000000000000000e+00
0.000000000000000000e+00
0.000000000000000000e+00
3.209201422318070176e-06
9.627604266954210529e-06
2.616733467428580454e-05
2.041545827890034004e-04
7.181205336556358704e-03
1.006504310698095178e-01
3.918160920221227528e-01
3.918239915948545926e-01
1.011547694164091904e-01
6.967176287852531145e-03
1.619412410031272314e-04
1.234308239353104012e-06
0.000000000000000000e+00
0.000000000000000000e+00
0.000000000000000000e+00
0.000000000000000000e+00
0.000000000000000000e+00
0.000000000000000000e+00
0.000000000000000000e+00
