0.000000000000000000e+00
0.000000000000000000e+00
7.405849436118623647e-07
1.974893182964966588e-06
4.690371309541795329e-06
5.924679548894898917e-06
1.653973040733159401e-05
4.295392672948801673e-05
2.732758441927772217e-04
7.351293011939217040e-03
1.015455514049883878e-01
3.902764159243536923e-01
3.911268543012679788e-01
1.018106808148014353e-01
7.382644441218785304e-03
1.604600711159035224e-04
0.000000000000000000e+00
0.000000000000000000e+00
0.000000000000000000e+00
0.000000000000000000e+00
0.000000000000000000e+00
0.000000000000000000e+00
0.000000000000000000e+00
0.000000000000000000e+00
