0.000000000000000000e+00
0.000000000000000000e+00
0.000000000000000000e+00
0.000000000000000000e+00
1.974893182964966588e-06
2.221754830835587306e-06
1.481169887223724729e-06
1.135563580204855640e-05
2.103261239857689090e-04
7.452753149214041625e-03
1.003090214108044442e-01
3.921046732884835295e-01
3.908125994235286949e-01
1.017714298127899986e-01
7.159975234839485378e-03
1.587320395808091680e-04
3.456063070188691317e-06
0.000000000000000000e+00
0.000000000000000000e+00
0.000000000000000000e+00
0.000000000000000000e+00
0.000000000000000000e+00
0.000000000000000000e+00
0.000000000000000000e+00
