0.000000000000000000e+00
1.481169887223724729e-06
9.874465914824832940e-07
2.468616478706208023e-06
9.874465914824832940e-07
7.158987788248003352e-06
1.407111392862538514e-05
4.023844860291118968e-05
3.456063070188691334e-04
7.411527254019648417e-03
1.009570332364648215e-01
3.905220432639849859e-01
3.910320594284856788e-01
1.021214796294705462e-01
7.393012630429351972e-03
1.461420955394075055e-04
3.702924718059312035e-06
0.000000000000000000e+00
0.000000000000000000e+00
0.000000000000000000e+00
0.000000000000000000e+00
0.000000000000000000e+00
0.000000000000000000e+00
0.000000000000000000e+00
