0.000000000000000000e+00
0.000000000000000000e+00
0.000000000000000000e+00
0.000000000000000000e+00
0.000000000000000000e+00
3.702924718059312035e-06
1.407111392862538514e-05
2.468616478706207854e-05
2.473553711663620150e-04
7.866493271045202351e-03
1.015655471984659025e-01
3.886520662813650051e-01
3.923115433493991056e-01
1.016568860081780296e-01
7.488301226507411076e-03
1.629286875946097312e-04
5.677817901024278200e-06
7.405849436118623647e-07
0.000000000000000000e+00
0.000000000000000000e+00
0.000000000000000000e+00
0.000000000000000000e+00
0.000000000000000000e+00
0.000000000000000000e+00
