0.000000000000000000e+00
0.000000000000000000e+00
9.874465914824832940e-07
1.728031535094345659e-06
1.728031535094345659e-06
3.949786365929933176e-06
8.393296027601107788e-06
2.987025939234511785e-05
2.478490944621033055e-04
7.442878683299216681e-03
1.013073299147932288e-01
3.906528799373563676e-01
3.916358830191771778e-01
1.010409661967408279e-01
7.450778256031077330e-03
1.725562918615639485e-04
2.221754830835587306e-06
0.000000000000000000e+00
0.000000000000000000e+00
0.000000000000000000e+00
0.000000000000000000e+00
0.000000000000000000e+00
0.000000000000000000e+00
0.000000000000000000e+00
