9.874465914824832940e-07
9.874465914824832940e-07
9.874465914824832940e-07
9.874465914824832940e-07
2.468616478706208023e-06
5.430956253153657482e-06
1.333052898501352383e-05
4.394137332097050299e-05
2.873469581214025933e-04
7.451025117678947325e-03
1.006504310698095178e-01
3.910014485841497023e-01
3.922713049007962027e-01
1.011725434550558717e-01
6.934590550333608570e-03
1.587320395808091680e-04
9.874465914824832940e-07
0.000000000000000000e+00
0.000000000000000000e+00
0.000000000000000000e+00
0.000000000000000000e+00
0.000000000000000000e+00
0.000000000000000000e+00
0.000000000000000000e+00
