0.000000000000000000e+00
0.000000000000000000e+00
0.000000000000000000e+00
0.000000000000000000e+00
0.000000000000000000e+00
6.665264492506761917e-06
1.258994404140166083e-05
2.320499489983835593e-05
2.184725583654994173e-04
7.388815982415550786e-03
1.002537244016814266e-01
3.908997415852270008e-01
3.930521282930109495e-01
1.009229663290586720e-01
7.060243129099755093e-03
1.587320395808091680e-04
2.715478126576828741e-06
0.000000000000000000e+00
0.000000000000000000e+00
0.000000000000000000e+00
0.000000000000000000e+00
0.000000000000000000e+00
0.000000000000000000e+00
0.000000000000000000e+00
