0.000000000000000000e+00
0.000000000000000000e+00
0.000000000000000000e+00
0.000000000000000000e+00
9.874465914824832940e-07
6.418402844636140353e-06
1.678659205520221558e-05
5.924679548894899256e-05
3.473343385539634878e-04
7.650242467510538769e-03
1.013576896909588465e-01
3.891245594753893755e-01
3.924855808111478717e-01
1.017299570559477423e-01
7.054812172846601330e-03
1.629286875946097312e-04
3.456063070188691317e-06
0.000000000000000000e+00
0.000000000000000000e+00
0.000000000000000000e+00
0.000000000000000000e+00
0.000000000000000000e+00
0.000000000000000000e+00
0.000000000000000000e+00
