0.000000000000000000e+00
0.000000000000000000e+00
0.000000000000000000e+00
0.000000000000000000e+00
0.000000000000000000e+00
0.000000000000000000e+00
1.728031535094345659e-06
2.789536620938014872e-05
2.940122226139093653e-04
7.613213220329945012e-03
1.011762463797739320e-01
3.902040854615275722e-01
3.919627278409579252e-01
1.015292585362289196e-01
7.041728505509458648e-03
1.491044353138549507e-04
0.000000000000000000e+00
0.000000000000000000e+00
0.000000000000000000e+00
0.000000000000000000e+00
0.000000000000000000e+00
0.000000000000000000e+00
0.000000000000000000e+00
0.000000000000000000e+00
