0.000000000000000000e+00
0.000000000000000000e+00
2.468616478706208235e-07
1.728031535094345659e-06
2.221754830835587306e-06
1.974893182964966588e-06
3.949786365929933176e-06
1.407111392862538514e-05
2.330373955898660252e-04
7.300686374125739744e-03
1.008390333687826657e-01
3.916425482836697336e-01
3.912596658678223482e-01
1.013954595230830424e-01
7.157506618360779359e-03
1.458952338915368873e-04
1.974893182964966588e-06
0.000000000000000000e+00
0.000000000000000000e+00
0.000000000000000000e+00
0.000000000000000000e+00
0.000000000000000000e+00
0.000000000000000000e+00
0.000000000000000000e+00
