0.000000000000000000e+00
0.000000000000000000e+00
0.000000000000000000e+00
0.000000000000000000e+00
0.000000000000000000e+00
0.000000000000000000e+00
0.000000000000000000e+00
1.012132756269545196e-05
1.974893182964966283e-04
6.952364588980293296e-03
1.009614767461264884e-01
3.918810166355127245e-01
3.910523020836110253e-01
1.015527103927766350e-01
7.227368464708164818e-03
1.641629958339628221e-04
9.874465914824832940e-07
0.000000000000000000e+00
0.000000000000000000e+00
0.000000000000000000e+00
0.000000000000000000e+00
0.000000000000000000e+00
0.000000000000000000e+00
0.000000000000000000e+00
