0.000000000000000000e+00
0.000000000000000000e+00
0.000000000000000000e+00
0.000000000000000000e+00
0.000000000000000000e+00
1.728031535094345659e-06
5.677817901024278200e-06
1.653973040733159401e-05
2.098324006900276727e-04
7.192807834006277948e-03
1.005694604493079514e-01
3.912241177905290135e-01
3.932306092644214379e-01
1.004692346202724768e-01
6.921753744644336750e-03
1.550291148627498683e-04
3.209201422318070176e-06
0.000000000000000000e+00
0.000000000000000000e+00
0.000000000000000000e+00
0.000000000000000000e+00
0.000000000000000000e+00
0.000000000000000000e+00
0.000000000000000000e+00
