1.234308239353104012e-06
1.728031535094345659e-06
9.874465914824832940e-07
2.221754830835587306e-06
1.481169887223724729e-06
1.283680568927228071e-05
2.024265512539090393e-05
6.245599691126706274e-05
3.954723598887344930e-04
7.923765173351186852e-03
1.014201456878701113e-01
3.892605802433660722e-01
3.904265078062590377e-01
1.030126501782834825e-01
7.299205204238515439e-03
1.574977313414560771e-04
2.468616478706208235e-07
0.000000000000000000e+00
0.000000000000000000e+00
0.000000000000000000e+00
0.000000000000000000e+00
0.000000000000000000e+00
0.000000000000000000e+00
0.000000000000000000e+00
