0.000000000000000000e+00
0.000000000000000000e+00
0.000000000000000000e+00
0.000000000000000000e+00
0.000000000000000000e+00
1.481169887223724729e-06
9.627604266954210529e-06
1.974893182964966419e-05
2.389620751387609428e-04
7.434732248919486905e-03
1.011128029362711872e-01
3.907760638996438107e-01
3.918000460150111719e-01
1.011629158507889176e-01
7.260694787170699112e-03
1.824307577763887569e-04
4.937232957412416470e-07
0.000000000000000000e+00
0.000000000000000000e+00
0.000000000000000000e+00
0.000000000000000000e+00
0.000000000000000000e+00
0.000000000000000000e+00
0.000000000000000000e+00
