4.937232957412416470e-07
1.974893182964966588e-06
1.234308239353104012e-06
1.974893182964966588e-06
4.937232957412416047e-06
9.874465914824832093e-06
2.024265512539090393e-05
5.480328582727781795e-05
4.021376243812412651e-04
8.044974242455661326e-03
1.018886890955285479e-01
3.886110872478185096e-01
3.906346121754139533e-01
1.025796548479184084e-01
7.564334614051562884e-03
1.700876753828577397e-04
7.158987788248003352e-06
0.000000000000000000e+00
0.000000000000000000e+00
0.000000000000000000e+00
0.000000000000000000e+00
0.000000000000000000e+00
0.000000000000000000e+00
0.000000000000000000e+00
