0.000000000000000000e+00
0.000000000000000000e+00
0.000000000000000000e+00
0.000000000000000000e+00
0.000000000000000000e+00
4.937232957412416470e-07
3.209201422318070176e-06
1.234308239353103927e-05
2.611796234471167955e-04
7.471761496100079794e-03
1.019062162725273557e-01
3.892173794549887433e-01
3.919713679986333577e-01
1.016845345127395384e-01
7.307351638618246083e-03
1.621881026509978767e-04
1.974893182964966588e-06
0.000000000000000000e+00
0.000000000000000000e+00
0.000000000000000000e+00
0.000000000000000000e+00
0.000000000000000000e+00
0.000000000000000000e+00
0.000000000000000000e+00
