0.000000000000000000e+00
0.000000000000000000e+00
0.000000000000000000e+00
0.000000000000000000e+00
0.000000000000000000e+00
0.000000000000000000e+00
2.468616478706208023e-06
7.899572731859866352e-06
1.755186316360113938e-04
7.113071521744067545e-03
1.017129236022446676e-01
3.909471390216181508e-01
3.902857966669727730e-01
1.021686302042138228e-01
7.421401719934473361e-03
1.631755492424803494e-04
1.974893182964966588e-06
0.000000000000000000e+00
0.000000000000000000e+00
0.000000000000000000e+00
0.000000000000000000e+00
0.000000000000000000e+00
0.000000000000000000e+00
0.000000000000000000e+00
