1.234308239353104012e-06
9.874465914824832940e-07
2.221754830835587306e-06
2.715478126576828741e-06
5.430956253153657482e-06
7.899572731859866352e-06
2.197068666048525149e-05
4.739743639115919134e-05
2.875938197692732385e-04
7.482129685310645595e-03
1.014781581751197093e-01
3.895442242767694352e-01
3.924754594835851984e-01
1.014253297824753847e-01
7.072833073141156050e-03
1.416985858777363512e-04
2.715478126576828741e-06
0.000000000000000000e+00
0.000000000000000000e+00
0.000000000000000000e+00
0.000000000000000000e+00
0.000000000000000000e+00
0.000000000000000000e+00
0.000000000000000000e+00
