0.000000000000000000e+00
0.000000000000000000e+00
0.000000000000000000e+00
9.874465914824832940e-07
4.690371309541795329e-06
6.912126140377382635e-06
2.073637842113214706e-05
6.912126140377382127e-05
4.236145877459852904e-04
7.638886831708490387e-03
1.002981594982981367e-01
3.910404527245132655e-01
3.914502430599784977e-01
1.017578524221571107e-01
7.141213749601318071e-03
1.456483722436662691e-04
1.481169887223724729e-06
0.000000000000000000e+00
0.000000000000000000e+00
0.000000000000000000e+00
0.000000000000000000e+00
0.000000000000000000e+00
0.000000000000000000e+00
0.000000000000000000e+00
