0.000000000000000000e+00
2.468616478706208235e-07
2.468616478706208023e-06
5.184094605283036764e-06
1.086191250630731496e-05
1.653973040733159401e-05
3.036398268808635759e-05
7.109615458673879378e-05
3.386941808784917161e-04
7.718623143970700790e-03
1.014184176563350109e-01
3.895499020946704416e-01
3.911261137163243862e-01
1.021664084493829894e-01
7.389803429007033367e-03
1.552759765106204864e-04
0.000000000000000000e+00
0.000000000000000000e+00
0.000000000000000000e+00
0.000000000000000000e+00
0.000000000000000000e+00
0.000000000000000000e+00
0.000000000000000000e+00
0.000000000000000000e+00
