7.405849436118623647e-07
1.728031535094345659e-06
3.456063070188691317e-06
4.196648013800553894e-06
6.418402844636140353e-06
1.086191250630731496e-05
2.345185654770897410e-05
6.097482702404334013e-05
4.073217189865243281e-04
7.970668886446603818e-03
1.017065051994000269e-01
3.886893423901934819e-01
3.906180724450066255e-01
1.026801275386017565e-01
7.618891038230969637e-03
1.913177770997311197e-04
5.924679548894898917e-06
0.000000000000000000e+00
0.000000000000000000e+00
0.000000000000000000e+00
0.000000000000000000e+00
0.000000000000000000e+00
0.000000000000000000e+00
0.000000000000000000e+00
