4.937232957412416470e-07
1.728031535094345659e-06
4.937232957412416470e-07
1.728031535094345659e-06
1.481169887223724729e-06
4.937232957412416047e-06
8.887019323342349223e-06
1.407111392862538514e-05
2.315562257026423161e-04
7.294267971281103401e-03
1.002633520059483807e-01
3.915089961321717160e-01
3.927238023013430168e-01
1.008437237400922060e-01
6.975569583880131784e-03
1.249119938225341255e-04
0.000000000000000000e+00
0.000000000000000000e+00
0.000000000000000000e+00
0.000000000000000000e+00
0.000000000000000000e+00
0.000000000000000000e+00
0.000000000000000000e+00
0.000000000000000000e+00
