0.000000000000000000e+00
0.000000000000000000e+00
0.000000000000000000e+00
0.000000000000000000e+00
0.000000000000000000e+00
4.196648013800553894e-06
6.171541196765519635e-06
1.876148523816718132e-05
2.322968106462541707e-04
7.169849700754310322e-03
1.008896400065961430e-01
3.917570920882816887e-01
3.914312347130924352e-01
1.010762674123863308e-01
7.235268037440024599e-03
1.725562918615639485e-04
6.665264492506761917e-06
0.000000000000000000e+00
0.000000000000000000e+00
0.000000000000000000e+00
0.000000000000000000e+00
0.000000000000000000e+00
0.000000000000000000e+00
0.000000000000000000e+00
