0.000000000000000000e+00
0.000000000000000000e+00
0.000000000000000000e+00
4.937232957412416470e-07
1.974893182964966588e-06
2.715478126576828741e-06
8.640157675471727658e-06
3.357318411040443115e-05
2.690791961789766856e-04
7.447569054608758725e-03
9.984961188411721478e-02
3.916993264626799642e-01
3.923298111113415199e-01
1.010271419444600804e-01
7.200954268386008592e-03
1.286149185405934252e-04
4.937232957412416470e-07
0.000000000000000000e+00
0.000000000000000000e+00
0.000000000000000000e+00
0.000000000000000000e+00
0.000000000000000000e+00
0.000000000000000000e+00
0.000000000000000000e+00
