0.000000000000000000e+00
0.000000000000000000e+00
0.000000000000000000e+00
0.000000000000000000e+00
0.000000000000000000e+00
3.949786365929933176e-06
1.184935909778979783e-05
4.591626650393546873e-05
2.596984535598930864e-04
7.548535468587842454e-03
1.009407403677053672e-01
3.904274952528505316e-01
3.918104142042217464e-01
1.016571328698259030e-01
7.092088281675065081e-03
1.999579347752028372e-04
2.221754830835587306e-06
0.000000000000000000e+00
0.000000000000000000e+00
0.000000000000000000e+00
0.000000000000000000e+00
0.000000000000000000e+00
0.000000000000000000e+00
0.000000000000000000e+00
