0.000000000000000000e+00
0.000000000000000000e+00
0.000000000000000000e+00
0.000000000000000000e+00
0.000000000000000000e+00
0.000000000000000000e+00
1.728031535094345659e-06
1.530542216797848958e-05
2.404432450259846518e-04
7.646292681144608444e-03
1.013680578801694071e-01
3.907442187470684947e-01
3.909106034977333222e-01
1.016186224527580867e-01
7.294514832928974263e-03
1.592257628765504044e-04
9.874465914824832940e-07
0.000000000000000000e+00
0.000000000000000000e+00
0.000000000000000000e+00
0.000000000000000000e+00
0.000000000000000000e+00
0.000000000000000000e+00
0.000000000000000000e+00
