0.000000000000000000e+00
0.000000000000000000e+00
0.000000000000000000e+00
0.000000000000000000e+00
0.000000000000000000e+00
2.221754830835587306e-06
3.702924718059312035e-06
3.332632246253380620e-05
2.248909612101355441e-04
7.604573062654473511e-03
1.012767190704572801e-01
3.898021946987942354e-01
3.913867996164757668e-01
1.021950444005359920e-01
7.324385092321319089e-03
1.449077873000544146e-04
1.234308239353104012e-06
0.000000000000000000e+00
0.000000000000000000e+00
0.000000000000000000e+00
0.000000000000000000e+00
0.000000000000000000e+00
0.000000000000000000e+00
0.000000000000000000e+00
