0.000000000000000000e+00
0.000000000000000000e+00
0.000000000000000000e+00
7.405849436118623647e-07
3.949786365929933176e-06
5.430956253153657482e-06
1.283680568927228071e-05
3.752297047633436263e-05
2.885812663607557112e-04
7.608769710668273831e-03
1.011868614306323660e-01
3.900221484270469663e-01
3.919303889650868622e-01
1.012806688568232000e-01
7.436954003750322062e-03
1.824307577763887569e-04
2.715478126576828741e-06
0.000000000000000000e+00
0.000000000000000000e+00
0.000000000000000000e+00
0.000000000000000000e+00
0.000000000000000000e+00
0.000000000000000000e+00
0.000000000000000000e+00
