0.000000000000000000e+00
1.481169887223724729e-06
2.468616478706208023e-06
4.690371309541795329e-06
1.012132756269545196e-05
1.530542216797848958e-05
2.987025939234511785e-05
7.702083413563368423e-05
3.744891198197317582e-04
7.838104181540080095e-03
1.013147357642293495e-01
3.885412254014711242e-01
3.915657743111819467e-01
1.026327301022105926e-01
7.366598434107194879e-03
2.204474515484643627e-04
4.937232957412416047e-06
0.000000000000000000e+00
0.000000000000000000e+00
0.000000000000000000e+00
0.000000000000000000e+00
0.000000000000000000e+00
0.000000000000000000e+00
0.000000000000000000e+00
