0.000000000000000000e+00
0.000000000000000000e+00
0.000000000000000000e+00
0.000000000000000000e+00
9.874465914824832940e-07
5.924679548894898917e-06
9.627604266954210529e-06
1.826776194242593819e-05
2.559955288418337867e-04
7.824033067611455700e-03
1.009328407949734996e-01
3.896353162248337165e-01
3.920392549517978109e-01
1.018605468676712922e-01
7.260694787170699112e-03
1.555228381584911046e-04
9.874465914824832940e-07
0.000000000000000000e+00
0.000000000000000000e+00
0.000000000000000000e+00
0.000000000000000000e+00
0.000000000000000000e+00
0.000000000000000000e+00
0.000000000000000000e+00
