9.874465914824832940e-07
1.234308239353104012e-06
1.234308239353104012e-06
1.728031535094345659e-06
2.962339774447449459e-06
4.690371309541795329e-06
1.160249744991917796e-05
2.814222785725077028e-05
2.404432450259846518e-04
7.625309441075605980e-03
1.012809157184710734e-01
3.911717831211804497e-01
3.904783487523118546e-01
1.016655261658535037e-01
7.308092223561857802e-03
1.755186316360113938e-04
1.481169887223724729e-06
0.000000000000000000e+00
0.000000000000000000e+00
0.000000000000000000e+00
0.000000000000000000e+00
0.000000000000000000e+00
0.000000000000000000e+00
0.000000000000000000e+00
