0.000000000000000000e+00
9.874465914824832940e-07
1.481169887223724729e-06
2.221754830835587306e-06
1.728031535094345659e-06
2.962339774447449459e-06
9.874465914824832093e-06
1.752717699881407688e-05
1.816901728327769024e-04
7.321422752546871346e-03
1.005331717870709685e-01
3.919837110810269198e-01
3.916553850893589872e-01
1.009952967918847644e-01
7.133067315221588295e-03
1.592257628765504044e-04
2.468616478706208235e-07
0.000000000000000000e+00
0.000000000000000000e+00
0.000000000000000000e+00
0.000000000000000000e+00
0.000000000000000000e+00
0.000000000000000000e+00
0.000000000000000000e+00
