0.000000000000000000e+00
0.000000000000000000e+00
0.000000000000000000e+00
9.874465914824832940e-07
3.702924718059312035e-06
7.158987788248003352e-06
1.382425228075476527e-05
4.344765002522925986e-05
3.100582297254997365e-04
7.652711083989244788e-03
1.023313120301605622e-01
3.887796937533141151e-01
3.899922781676545824e-01
1.030936207987850489e-01
7.618150453287357918e-03
1.525604983840436594e-04
4.937232957412416470e-07
0.000000000000000000e+00
0.000000000000000000e+00
0.000000000000000000e+00
0.000000000000000000e+00
0.000000000000000000e+00
0.000000000000000000e+00
0.000000000000000000e+00
