0.000000000000000000e+00
4.937232957412416470e-07
1.974893182964966588e-06
2.715478126576828741e-06
4.690371309541795329e-06
6.665264492506761917e-06
1.481169887223724814e-05
2.517988808280332167e-05
1.945269785220491831e-04
7.319200997716036189e-03
1.008577948540208269e-01
3.899162447801104436e-01
3.938815834298562413e-01
1.007215272243962567e-01
6.906942045772098901e-03
1.449077873000544146e-04
7.405849436118623647e-07
0.000000000000000000e+00
0.000000000000000000e+00
0.000000000000000000e+00
0.000000000000000000e+00
0.000000000000000000e+00
0.000000000000000000e+00
0.000000000000000000e+00
