0.000000000000000000e+00
0.000000000000000000e+00
9.874465914824832940e-07
1.481169887223724729e-06
1.728031535094345659e-06
2.715478126576828741e-06
1.160249744991917796e-05
3.579493894124001507e-05
2.967277007404861924e-04
7.342652854263744672e-03
1.012090789789407280e-01
3.905210558173934920e-01
3.924344804500386474e-01
1.004879961055106380e-01
7.448062777904500449e-03
2.002047964230734554e-04
5.430956253153657482e-06
0.000000000000000000e+00
0.000000000000000000e+00
0.000000000000000000e+00
0.000000000000000000e+00
0.000000000000000000e+00
0.000000000000000000e+00
0.000000000000000000e+00
