0.000000000000000000e+00
0.000000000000000000e+00
2.468616478706208235e-07
1.728031535094345659e-06
2.468616478706208023e-06
5.677817901024278200e-06
1.012132756269545196e-05
2.764850456150953054e-05
2.927779143745562473e-04
7.837363596596468376e-03
1.008126191724605103e-01
3.900601651208190357e-01
3.918995312591030400e-01
1.016837939277959318e-01
7.188364324344606766e-03
1.767529398753644846e-04
7.405849436118623647e-07
0.000000000000000000e+00
0.000000000000000000e+00
0.000000000000000000e+00
0.000000000000000000e+00
0.000000000000000000e+00
0.000000000000000000e+00
0.000000000000000000e+00
