0.000000000000000000e+00
0.000000000000000000e+00
0.000000000000000000e+00
0.000000000000000000e+00
0.000000000000000000e+00
0.000000000000000000e+00
2.468616478706208235e-07
8.393296027601107788e-06
2.036608594932621640e-04
7.423376613117437656e-03
1.017208231749765213e-01
3.902048260464712204e-01
3.914275317883744165e-01
1.015220995484406724e-01
7.329322325278731128e-03
1.574977313414560771e-04
2.221754830835587306e-06
0.000000000000000000e+00
0.000000000000000000e+00
0.000000000000000000e+00
0.000000000000000000e+00
0.000000000000000000e+00
0.000000000000000000e+00
0.000000000000000000e+00
