0.000000000000000000e+00
0.000000000000000000e+00
1.234308239353104012e-06
3.949786365929933176e-06
7.158987788248003352e-06
7.652711083989244788e-06
9.380742619083590658e-06
3.456063070188691063e-05
2.732758441927772217e-04
7.838844766483693549e-03
1.025682992121163678e-01
3.892183669015802372e-01
3.897915796479358153e-01
1.025320105498793849e-01
7.529280260053934290e-03
1.841587893114831113e-04
2.468616478706208235e-07
0.000000000000000000e+00
0.000000000000000000e+00
0.000000000000000000e+00
0.000000000000000000e+00
0.000000000000000000e+00
0.000000000000000000e+00
0.000000000000000000e+00
