0.000000000000000000e+00
2.468616478706208235e-07
1.234308239353104012e-06
1.481169887223724729e-06
1.974893182964966588e-06
1.728031535094345659e-06
7.899572731859866352e-06
2.369871819557959567e-05
2.029202745496502824e-04
7.410539807428165836e-03
1.017534089124954438e-01
3.907617459240673163e-01
3.904191019568228893e-01
1.020106387495766376e-01
7.256745000804768787e-03
1.466358188351487418e-04
0.000000000000000000e+00
0.000000000000000000e+00
0.000000000000000000e+00
0.000000000000000000e+00
0.000000000000000000e+00
0.000000000000000000e+00
0.000000000000000000e+00
0.000000000000000000e+00
