0.000000000000000000e+00
0.000000000000000000e+00
0.000000000000000000e+00
0.000000000000000000e+00
0.000000000000000000e+00
0.000000000000000000e+00
5.924679548894898917e-06
2.419244149132083880e-05
2.769787689108365214e-04
7.762317655643800017e-03
1.001532517109980785e-01
3.908967792454525747e-01
3.922204514013348242e-01
1.014023716492234162e-01
7.078264029394309813e-03
1.745311850445288940e-04
4.937232957412416047e-06
0.000000000000000000e+00
0.000000000000000000e+00
0.000000000000000000e+00
0.000000000000000000e+00
0.000000000000000000e+00
0.000000000000000000e+00
0.000000000000000000e+00
