0.000000000000000000e+00
0.000000000000000000e+00
0.000000000000000000e+00
2.468616478706208235e-07
2.468616478706208023e-06
3.456063070188691317e-06
8.640157675471727658e-06
3.011712104021573602e-05
2.397026600823727973e-04
7.747505956771563035e-03
1.012567232769797515e-01
3.904958759293106763e-01
3.907629802323067114e-01
1.020930905399654171e-01
7.192067249062666229e-03
1.663847506647984128e-04
7.405849436118623647e-07
0.000000000000000000e+00
0.000000000000000000e+00
0.000000000000000000e+00
0.000000000000000000e+00
0.000000000000000000e+00
0.000000000000000000e+00
0.000000000000000000e+00
