0.000000000000000000e+00
0.000000000000000000e+00
0.000000000000000000e+00
1.728031535094345659e-06
9.874465914824832940e-07
5.677817901024278200e-06
7.652711083989244788e-06
2.542674973067394323e-05
2.498239876450682509e-04
7.399677894921858311e-03
1.006595649507807250e-01
3.911419128617880658e-01
3.918857070068222925e-01
1.010365226870791611e-01
7.407824329301588955e-03
1.745311850445288940e-04
2.962339774447449459e-06
0.000000000000000000e+00
0.000000000000000000e+00
0.000000000000000000e+00
0.000000000000000000e+00
0.000000000000000000e+00
0.000000000000000000e+00
0.000000000000000000e+00
