9.874465914824832940e-07
2.221754830835587306e-06
6.171541196765519635e-06
6.171541196765519635e-06
1.012132756269545196e-05
1.505856052010786801e-05
3.431376905401629246e-05
9.923838244398956406e-05
4.102840587609717462e-04
7.878342630142991590e-03
1.019289275441314507e-01
3.881023053915571563e-01
3.911320383958732383e-01
1.028082487338466133e-01
7.378694654852855847e-03
1.841587893114831113e-04
2.715478126576828741e-06
0.000000000000000000e+00
0.000000000000000000e+00
0.000000000000000000e+00
0.000000000000000000e+00
0.000000000000000000e+00
0.000000000000000000e+00
0.000000000000000000e+00
