0.000000000000000000e+00
0.000000000000000000e+00
1.481169887223724729e-06
1.234308239353104012e-06
2.962339774447449459e-06
5.677817901024278200e-06
1.826776194242593819e-05
4.221334178587615542e-05
3.241293436541251081e-04
7.687271714691131658e-03
1.019980488055352297e-01
3.892961283206594625e-01
3.899710480659377421e-01
1.027855374622425044e-01
7.691715224352802839e-03
1.695939520871164762e-04
4.690371309541795329e-06
0.000000000000000000e+00
0.000000000000000000e+00
0.000000000000000000e+00
0.000000000000000000e+00
0.000000000000000000e+00
0.000000000000000000e+00
0.000000000000000000e+00
