0.000000000000000000e+00
0.000000000000000000e+00
0.000000000000000000e+00
4.937232957412416470e-07
1.974893182964966588e-06
2.962339774447449459e-06
9.874465914824832093e-06
3.283259916679256307e-05
2.831503101076020571e-04
7.425598367948273680e-03
1.009607361611828819e-01
3.908883859494249879e-01
3.919743303384078392e-01
1.011332924530444488e-01
7.131833006982234852e-03
1.545353915670086319e-04
0.000000000000000000e+00
0.000000000000000000e+00
0.000000000000000000e+00
0.000000000000000000e+00
0.000000000000000000e+00
0.000000000000000000e+00
0.000000000000000000e+00
0.000000000000000000e+00
