0.000000000000000000e+00
0.000000000000000000e+00
1.234308239353104012e-06
9.874465914824832940e-07
4.690371309541795329e-06
4.443509661671174611e-06
1.283680568927228071e-05
3.233887587105132672e-05
2.604390385035049681e-04
7.288096430084337919e-03
1.010974975141032128e-01
3.906472021194553612e-01
3.926235764723075561e-01
1.004778747779479509e-01
7.359192584671076821e-03
1.856399591987068474e-04
3.949786365929933176e-06
0.000000000000000000e+00
0.000000000000000000e+00
0.000000000000000000e+00
0.000000000000000000e+00
0.000000000000000000e+00
0.000000000000000000e+00
0.000000000000000000e+00
