0.000000000000000000e+00
0.000000000000000000e+00
0.000000000000000000e+00
1.234308239353104012e-06
4.196648013800553894e-06
6.171541196765519635e-06
2.147696336474400836e-05
4.369451167309987803e-05
3.149954626829121543e-04
7.659129486833881131e-03
1.004497325500906951e-01
3.898135503345963038e-01
3.934653746915463546e-01
1.010446691214588882e-01
7.008155321399053492e-03
1.673721972562809126e-04
2.468616478706208235e-07
0.000000000000000000e+00
0.000000000000000000e+00
0.000000000000000000e+00
0.000000000000000000e+00
0.000000000000000000e+00
0.000000000000000000e+00
0.000000000000000000e+00
