9.874465914824832940e-07
1.728031535094345659e-06
1.234308239353104012e-06
1.234308239353104012e-06
2.221754830835587306e-06
2.962339774447449459e-06
1.234308239353103927e-05
5.332211594005409534e-05
3.539996030464702056e-04
7.801815519303099793e-03
1.015687563998882159e-01
3.899554957821219081e-01
3.897493663061499247e-01
1.029659933268359390e-01
7.368326465642289179e-03
1.589789012286797862e-04
0.000000000000000000e+00
0.000000000000000000e+00
0.000000000000000000e+00
0.000000000000000000e+00
0.000000000000000000e+00
0.000000000000000000e+00
0.000000000000000000e+00
0.000000000000000000e+00
