0.000000000000000000e+00
0.000000000000000000e+00
0.000000000000000000e+00
7.405849436118623647e-07
1.974893182964966588e-06
2.468616478706208023e-06
6.171541196765519635e-06
2.271127160409711280e-05
2.160039418867932084e-04
7.508297019984931826e-03
1.014929698739919367e-01
3.913811217985747049e-01
3.892099736055525949e-01
1.022851489020087656e-01
7.683075066677331338e-03
1.890960222688955290e-04
2.468616478706208235e-07
0.000000000000000000e+00
0.000000000000000000e+00
0.000000000000000000e+00
0.000000000000000000e+00
0.000000000000000000e+00
0.000000000000000000e+00
0.000000000000000000e+00
