0.000000000000000000e+00
0.000000000000000000e+00
4.937232957412416470e-07
1.728031535094345659e-06
2.221754830835587306e-06
3.702924718059312035e-06
1.012132756269545196e-05
3.604180058911063324e-05
2.725352592491653400e-04
7.349071257108381015e-03
1.011814304743792192e-01
3.903899722823741536e-01
3.913672975462939574e-01
1.022599690139259637e-01
6.985197188147085866e-03
1.402174159905126150e-04
0.000000000000000000e+00
0.000000000000000000e+00
0.000000000000000000e+00
0.000000000000000000e+00
0.000000000000000000e+00
0.000000000000000000e+00
0.000000000000000000e+00
0.000000000000000000e+00
