0.000000000000000000e+00
0.000000000000000000e+00
0.000000000000000000e+00
0.000000000000000000e+00
5.677817901024278200e-06
1.357739063288414370e-05
1.876148523816718132e-05
3.530121564549877194e-05
2.466147862227501875e-04
7.213297350779539555e-03
1.009323470716777665e-01
3.912873143723838987e-01
3.918252259030939877e-01
1.010639243299927964e-01
7.197991928611560848e-03
1.599663478201622860e-04
0.000000000000000000e+00
0.000000000000000000e+00
0.000000000000000000e+00
0.000000000000000000e+00
0.000000000000000000e+00
0.000000000000000000e+00
0.000000000000000000e+00
0.000000000000000000e+00
