2.468616478706208235e-07
1.481169887223724729e-06
7.405849436118623647e-07
3.456063070188691317e-06
3.209201422318070176e-06
9.133880971212969094e-06
1.777403864668469845e-05
5.653131736237216551e-05
3.164766325701358633e-04
7.479167345536198719e-03
1.013231290602569501e-01
3.903267757005193239e-01
3.910478585739493584e-01
1.020279190649275719e-01
7.221443785159270198e-03
1.641629958339628221e-04
4.937232957412416470e-07
0.000000000000000000e+00
0.000000000000000000e+00
0.000000000000000000e+00
0.000000000000000000e+00
0.000000000000000000e+00
0.000000000000000000e+00
0.000000000000000000e+00
