0.000000000000000000e+00
0.000000000000000000e+00
0.000000000000000000e+00
0.000000000000000000e+00
1.974893182964966588e-06
4.443509661671174611e-06
5.184094605283036764e-06
1.826776194242593819e-05
2.476022328142326603e-04
7.364623540924230584e-03
1.013021458201879554e-01
3.905267336352944985e-01
3.922567400635718071e-01
1.007437447727046048e-01
7.321422752546871346e-03
2.006985197188147188e-04
6.418402844636140353e-06
0.000000000000000000e+00
0.000000000000000000e+00
0.000000000000000000e+00
0.000000000000000000e+00
0.000000000000000000e+00
0.000000000000000000e+00
0.000000000000000000e+00
