0.000000000000000000e+00
0.000000000000000000e+00
0.000000000000000000e+00
0.000000000000000000e+00
0.000000000000000000e+00
1.728031535094345659e-06
2.221754830835587306e-06
9.133880971212969094e-06
1.962550100571435374e-04
7.077276582802827232e-03
1.016223253774761470e-01
3.910742727702715138e-01
3.913695193011247908e-01
1.013966938313223959e-01
7.073326796436897775e-03
1.742843233966582758e-04
2.962339774447449459e-06
0.000000000000000000e+00
0.000000000000000000e+00
0.000000000000000000e+00
0.000000000000000000e+00
0.000000000000000000e+00
0.000000000000000000e+00
0.000000000000000000e+00
