0.000000000000000000e+00
0.000000000000000000e+00
0.000000000000000000e+00
0.000000000000000000e+00
3.209201422318070176e-06
8.887019323342349223e-06
1.974893182964966419e-05
6.443089009423202170e-05
2.927779143745562473e-04
7.592476841908813411e-03
1.011564974479442908e-01
3.895452117233609290e-01
3.918094267576302525e-01
1.017934004994504871e-01
7.531995738180511171e-03
1.794684180019413117e-04
2.468616478706208023e-06
0.000000000000000000e+00
0.000000000000000000e+00
0.000000000000000000e+00
0.000000000000000000e+00
0.000000000000000000e+00
0.000000000000000000e+00
0.000000000000000000e+00
