0.000000000000000000e+00
0.000000000000000000e+00
4.937232957412416470e-07
1.728031535094345659e-06
3.702924718059312035e-06
8.146434379730486223e-06
2.147696336474400836e-05
4.591626650393546873e-05
2.883344047128850660e-04
7.704058306746333802e-03
1.004275150017823470e-01
3.907252104001824877e-01
3.912673185789063424e-01
1.019494170609047123e-01
7.369313912233771760e-03
1.853930975508362292e-04
1.974893182964966588e-06
0.000000000000000000e+00
0.000000000000000000e+00
0.000000000000000000e+00
0.000000000000000000e+00
0.000000000000000000e+00
0.000000000000000000e+00
0.000000000000000000e+00
