0.000000000000000000e+00
4.937232957412416470e-07
1.728031535094345659e-06
5.430956253153657482e-06
7.405849436118624070e-06
1.357739063288414370e-05
1.925520853390842106e-05
5.110036110921850464e-05
3.572088044687882690e-04
7.788731851965957111e-03
1.013191792738910302e-01
3.894997891801527112e-01
3.908713524957219132e-01
1.022957639528671997e-01
7.552732116601643640e-03
2.147696336474400904e-04
1.481169887223724729e-06
0.000000000000000000e+00
0.000000000000000000e+00
0.000000000000000000e+00
0.000000000000000000e+00
0.000000000000000000e+00
0.000000000000000000e+00
0.000000000000000000e+00
