2.468616478706208235e-07
1.234308239353104012e-06
1.974893182964966588e-06
9.874465914824832940e-07
3.456063070188691317e-06
4.196648013800553894e-06
7.158987788248003352e-06
2.740164291363890897e-05
2.693260578268472766e-04
7.387581674176198210e-03
1.012436396096426106e-01
3.906709008376509362e-01
3.904277421144983773e-01
1.026413702598860667e-01
7.188611185992477629e-03
1.241714088789222709e-04
0.000000000000000000e+00
0.000000000000000000e+00
0.000000000000000000e+00
0.000000000000000000e+00
0.000000000000000000e+00
0.000000000000000000e+00
0.000000000000000000e+00
0.000000000000000000e+00
