9.874465914824832940e-07
2.468616478706208235e-07
2.468616478706208235e-07
9.874465914824832940e-07
9.874465914824832940e-07
5.677817901024278200e-06
1.061505085843669509e-05
3.036398268808635759e-05
2.851252032905670026e-04
7.521133825674203646e-03
1.011809367510834723e-01
3.904018216414719689e-01
3.916378579123601655e-01
1.016235596857155005e-01
7.123439710954633346e-03
1.732968768051758031e-04
2.221754830835587306e-06
0.000000000000000000e+00
0.000000000000000000e+00
0.000000000000000000e+00
0.000000000000000000e+00
0.000000000000000000e+00
0.000000000000000000e+00
0.000000000000000000e+00
