0.000000000000000000e+00
0.000000000000000000e+00
0.000000000000000000e+00
0.000000000000000000e+00
1.481169887223724729e-06
2.962339774447449459e-06
1.382425228075476527e-05
3.579493894124001507e-05
2.903092978958500656e-04
7.451518840974689049e-03
1.009046985671162577e-01
3.908604905832155918e-01
3.913317494690006226e-01
1.017706892278463920e-01
7.165406191092639140e-03
1.710751219743402124e-04
0.000000000000000000e+00
0.000000000000000000e+00
0.000000000000000000e+00
0.000000000000000000e+00
0.000000000000000000e+00
0.000000000000000000e+00
0.000000000000000000e+00
0.000000000000000000e+00
