0.000000000000000000e+00
0.000000000000000000e+00
2.468616478706208235e-07
1.974893182964966588e-06
1.974893182964966588e-06
4.196648013800553894e-06
1.160249744991917796e-05
3.110456763169822228e-05
2.453804779833970696e-04
7.525824196983745690e-03
1.012554889687403981e-01
3.904827922619735214e-01
3.916218119052485847e-01
1.014006436176883297e-01
7.263903988593016850e-03
1.530542216797848958e-04
0.000000000000000000e+00
0.000000000000000000e+00
0.000000000000000000e+00
0.000000000000000000e+00
0.000000000000000000e+00
0.000000000000000000e+00
0.000000000000000000e+00
0.000000000000000000e+00
