2.962339774447449459e-06
1.481169887223724729e-06
4.443509661671174611e-06
1.728031535094345659e-06
4.196648013800553894e-06
9.380742619083590658e-06
1.728031535094345532e-05
4.369451167309987803e-05
3.372130109912680070e-04
7.774907599685201842e-03
1.028028177775934526e-01
3.889339822832332816e-01
3.891744255282592602e-01
1.029563657225689849e-01
7.762317655643800017e-03
1.708282603264695942e-04
1.481169887223724729e-06
0.000000000000000000e+00
0.000000000000000000e+00
0.000000000000000000e+00
0.000000000000000000e+00
0.000000000000000000e+00
0.000000000000000000e+00
0.000000000000000000e+00
