0.000000000000000000e+00
2.468616478706208235e-07
1.974893182964966588e-06
9.874465914824832940e-07
2.962339774447449459e-06
4.443509661671174611e-06
7.405849436118624070e-06
3.135142927956884046e-05
3.211670038796776358e-04
7.579146312923799866e-03
1.016968775951330728e-01
3.893114337428274507e-01
3.916531633345281538e-01
1.020143416742946979e-01
7.245389365002720405e-03
1.268868870054990980e-04
2.221754830835587306e-06
0.000000000000000000e+00
0.000000000000000000e+00
0.000000000000000000e+00
0.000000000000000000e+00
0.000000000000000000e+00
0.000000000000000000e+00
0.000000000000000000e+00
