0.000000000000000000e+00
0.000000000000000000e+00
1.481169887223724729e-06
1.974893182964966588e-06
2.715478126576828741e-06
6.171541196765519635e-06
1.974893182964966419e-05
3.925100201142871020e-05
2.446398930397851879e-04
7.675422355593341552e-03
1.019953333274086493e-01
3.897461571047275974e-01
3.905990640981206186e-01
1.020679106518826151e-01
7.404861989527141211e-03
1.947738401699198013e-04
4.937232957412416470e-07
0.000000000000000000e+00
0.000000000000000000e+00
0.000000000000000000e+00
0.000000000000000000e+00
0.000000000000000000e+00
0.000000000000000000e+00
0.000000000000000000e+00
