0.000000000000000000e+00
0.000000000000000000e+00
0.000000000000000000e+00
0.000000000000000000e+00
9.874465914824832940e-07
4.443509661671174611e-06
1.012132756269545196e-05
3.011712104021573602e-05
2.982088706277099014e-04
7.576924558092963842e-03
1.008096568326860565e-01
3.914213602471776077e-01
3.908839424397632656e-01
1.015050660947375977e-01
7.275259624395065232e-03
1.807027262412944297e-04
3.209201422318070176e-06
0.000000000000000000e+00
0.000000000000000000e+00
0.000000000000000000e+00
0.000000000000000000e+00
0.000000000000000000e+00
0.000000000000000000e+00
0.000000000000000000e+00
