1.974893182964966588e-06
7.405849436118623647e-07
2.221754830835587306e-06
4.937232957412416470e-07
3.702924718059312035e-06
4.937232957412416047e-06
9.380742619083590658e-06
3.678238553272250133e-05
2.668574413481410949e-04
7.576183973149352123e-03
1.009844348793784569e-01
3.897091278575470219e-01
3.926304885984479576e-01
1.012784471019923666e-01
7.322410199138353927e-03
1.713219836222108306e-04
2.468616478706208235e-07
0.000000000000000000e+00
0.000000000000000000e+00
0.000000000000000000e+00
0.000000000000000000e+00
0.000000000000000000e+00
0.000000000000000000e+00
0.000000000000000000e+00
