0.000000000000000000e+00
0.000000000000000000e+00
0.000000000000000000e+00
1.481169887223724729e-06
1.728031535094345659e-06
2.468616478706208023e-06
3.209201422318070176e-06
2.987025939234511785e-05
2.861126498820495295e-04
7.369313912233771760e-03
1.012443801945862309e-01
3.915462722410001373e-01
3.898834121809436892e-01
1.020691449601219686e-01
7.382644441218785304e-03
1.765060782274938665e-04
3.456063070188691317e-06
0.000000000000000000e+00
0.000000000000000000e+00
0.000000000000000000e+00
0.000000000000000000e+00
0.000000000000000000e+00
0.000000000000000000e+00
0.000000000000000000e+00
