0.000000000000000000e+00
0.000000000000000000e+00
0.000000000000000000e+00
0.000000000000000000e+00
4.937232957412416470e-07
1.481169887223724729e-06
4.937232957412416047e-06
2.789536620938014872e-05
2.604390385035049681e-04
7.579393174571670729e-03
1.009098826617215311e-01
3.913517452624781234e-01
3.913110130905794737e-01
1.011276146351434285e-01
7.268841221550429756e-03
1.547822532148792501e-04
1.481169887223724729e-06
0.000000000000000000e+00
0.000000000000000000e+00
0.000000000000000000e+00
0.000000000000000000e+00
0.000000000000000000e+00
0.000000000000000000e+00
0.000000000000000000e+00
