2.468616478706208235e-07
3.702924718059312035e-06
5.924679548894898917e-06
9.874465914824832093e-06
1.184935909778979783e-05
1.555228381584911114e-05
2.962339774447449628e-05
8.985763982490596494e-05
4.702714391935326407e-04
7.972150056333827256e-03
1.014226143043488182e-01
3.891492456401764444e-01
3.902065540780063069e-01
1.027344371011332941e-01
7.696652457310214877e-03
1.772466631711057210e-04
4.196648013800553894e-06
0.000000000000000000e+00
0.000000000000000000e+00
0.000000000000000000e+00
0.000000000000000000e+00
0.000000000000000000e+00
0.000000000000000000e+00
0.000000000000000000e+00
