0.000000000000000000e+00
0.000000000000000000e+00
0.000000000000000000e+00
0.000000000000000000e+00
0.000000000000000000e+00
0.000000000000000000e+00
3.456063070188691317e-06
1.333052898501352383e-05
2.283470242803242256e-04
7.243661333467626105e-03
1.001581889439554923e-01
3.909900929483476339e-01
3.933999563548606360e-01
1.006965941979613144e-01
7.101962747589890025e-03
1.612006560595153769e-04
3.209201422318070176e-06
0.000000000000000000e+00
0.000000000000000000e+00
0.000000000000000000e+00
0.000000000000000000e+00
0.000000000000000000e+00
0.000000000000000000e+00
0.000000000000000000e+00
