0.000000000000000000e+00
0.000000000000000000e+00
0.000000000000000000e+00
7.405849436118623647e-07
1.728031535094345659e-06
2.715478126576828741e-06
9.133880971212969094e-06
2.863595115299201341e-05
2.505645725886801326e-04
7.289824461619432219e-03
1.011782212729569058e-01
3.907210137521686666e-01
3.923495600431711750e-01
1.010108490757006122e-01
7.004699258328864891e-03
1.471295421308900053e-04
4.937232957412416047e-06
2.468616478706208235e-07
0.000000000000000000e+00
0.000000000000000000e+00
0.000000000000000000e+00
0.000000000000000000e+00
0.000000000000000000e+00
0.000000000000000000e+00
