2.468616478706208023e-06
2.221754830835587306e-06
2.715478126576828741e-06
4.690371309541795329e-06
7.899572731859866352e-06
9.874465914824832093e-06
2.616733467428580454e-05
6.048110372830209700e-05
3.880665104526158935e-04
7.889698265945040839e-03
1.017065051994000269e-01
3.893235299635731117e-01
3.904267546679068834e-01
1.024372156770970710e-01
7.503359787027518921e-03
1.935395319305667104e-04
9.380742619083590658e-06
0.000000000000000000e+00
0.000000000000000000e+00
0.000000000000000000e+00
0.000000000000000000e+00
0.000000000000000000e+00
0.000000000000000000e+00
0.000000000000000000e+00
