0.000000000000000000e+00
0.000000000000000000e+00
0.000000000000000000e+00
2.468616478706208235e-07
3.949786365929933176e-06
7.405849436118624070e-06
1.308366733714290227e-05
4.048531025078180786e-05
2.409369683217258882e-04
7.472502081043691513e-03
1.008180501287136571e-01
3.905143905529009918e-01
3.927312081507791652e-01
1.008017572599542028e-01
7.181452198204229566e-03
1.745311850445288940e-04
0.000000000000000000e+00
0.000000000000000000e+00
0.000000000000000000e+00
0.000000000000000000e+00
0.000000000000000000e+00
0.000000000000000000e+00
0.000000000000000000e+00
0.000000000000000000e+00
