0.000000000000000000e+00
0.000000000000000000e+00
0.000000000000000000e+00
2.468616478706208235e-07
1.974893182964966588e-06
2.962339774447449459e-06
5.430956253153657482e-06
2.345185654770897410e-05
1.841587893114831113e-04
7.012105107764983816e-03
1.005168789183115002e-01
3.914959124648345612e-01
3.921624389140852540e-01
1.014648276461346948e-01
6.968410596091883721e-03
1.612006560595153769e-04
0.000000000000000000e+00
0.000000000000000000e+00
0.000000000000000000e+00
0.000000000000000000e+00
0.000000000000000000e+00
0.000000000000000000e+00
0.000000000000000000e+00
0.000000000000000000e+00
