0.000000000000000000e+00
4.937232957412416470e-07
1.728031535094345659e-06
2.468616478706208023e-06
1.974893182964966588e-06
2.715478126576828741e-06
2.715478126576828741e-06
1.333052898501352383e-05
2.466147862227501875e-04
7.318707274420294465e-03
1.004472639336119882e-01
3.919834642193790186e-01
3.908540721803709372e-01
1.017445218931720963e-01
7.243661333467626105e-03
1.362676296245826700e-04
0.000000000000000000e+00
0.000000000000000000e+00
0.000000000000000000e+00
0.000000000000000000e+00
0.000000000000000000e+00
0.000000000000000000e+00
0.000000000000000000e+00
0.000000000000000000e+00
