2.468616478706208023e-06
4.937232957412416470e-07
1.481169887223724729e-06
0.000000000000000000e+00
4.690371309541795329e-06
5.184094605283036764e-06
1.061505085843669509e-05
2.172382501261462993e-05
2.123010171687338815e-04
7.296983449407680282e-03
1.009330876566213731e-01
3.913796406286875196e-01
3.915630588330553663e-01
1.013473215017482720e-01
7.065920947000778850e-03
1.491044353138549507e-04
0.000000000000000000e+00
0.000000000000000000e+00
0.000000000000000000e+00
0.000000000000000000e+00
0.000000000000000000e+00
0.000000000000000000e+00
0.000000000000000000e+00
0.000000000000000000e+00
