0.000000000000000000e+00
0.000000000000000000e+00
0.000000000000000000e+00
0.000000000000000000e+00
0.000000000000000000e+00
2.468616478706208235e-07
3.456063070188691317e-06
2.221754830835587306e-05
2.535269123631275507e-04
7.318213551124553608e-03
1.011577317561836442e-01
3.897898516164006733e-01
3.934759897424048303e-01
1.006521591013446043e-01
7.175280657007464084e-03
1.500918819053374505e-04
1.234308239353104012e-06
0.000000000000000000e+00
0.000000000000000000e+00
0.000000000000000000e+00
0.000000000000000000e+00
0.000000000000000000e+00
0.000000000000000000e+00
0.000000000000000000e+00
