0.000000000000000000e+00
0.000000000000000000e+00
0.000000000000000000e+00
1.481169887223724729e-06
2.468616478706208023e-06
1.481169887223724729e-06
1.135563580204855640e-05
3.628866223698125820e-05
2.987025939234511920e-04
7.519899517434851070e-03
1.015677689532967359e-01
3.892220698262982559e-01
3.923873298752953431e-01
1.015699907081275694e-01
7.212556765835927836e-03
1.644098574818334403e-04
4.196648013800553894e-06
0.000000000000000000e+00
0.000000000000000000e+00
0.000000000000000000e+00
0.000000000000000000e+00
0.000000000000000000e+00
0.000000000000000000e+00
0.000000000000000000e+00
