0.000000000000000000e+00
0.000000000000000000e+00
0.000000000000000000e+00
0.000000000000000000e+00
0.000000000000000000e+00
0.000000000000000000e+00
4.196648013800553894e-06
3.628866223698125820e-05
2.545143589546100234e-04
7.413008423906871855e-03
1.022592284289823433e-01
3.890144591804390872e-01
3.920708532427252258e-01
1.015495011913543077e-01
7.246623673242073849e-03
1.505856052010786869e-04
7.405849436118623647e-07
0.000000000000000000e+00
0.000000000000000000e+00
0.000000000000000000e+00
0.000000000000000000e+00
0.000000000000000000e+00
0.000000000000000000e+00
0.000000000000000000e+00
