0.000000000000000000e+00
0.000000000000000000e+00
2.468616478706208235e-07
1.974893182964966588e-06
1.728031535094345659e-06
2.221754830835587306e-06
4.196648013800553894e-06
1.431797557649600670e-05
2.293344708718067255e-04
7.453987457453395069e-03
1.014774175901760889e-01
3.902159348206253875e-01
3.920757904756826395e-01
1.011377359627061157e-01
7.209841287709350954e-03
1.750249083402701574e-04
2.468616478706208235e-07
0.000000000000000000e+00
0.000000000000000000e+00
0.000000000000000000e+00
0.000000000000000000e+00
0.000000000000000000e+00
0.000000000000000000e+00
0.000000000000000000e+00
