0.000000000000000000e+00
0.000000000000000000e+00
0.000000000000000000e+00
0.000000000000000000e+00
9.874465914824832940e-07
1.728031535094345659e-06
4.690371309541795329e-06
2.246440995622649123e-05
2.451336163355264785e-04
7.200213683442396873e-03
1.012801751335274669e-01
3.909350428008724898e-01
3.913058289959741587e-01
1.016951495635979724e-01
7.157753480008650221e-03
1.488575736659843325e-04
1.974893182964966588e-06
0.000000000000000000e+00
0.000000000000000000e+00
0.000000000000000000e+00
0.000000000000000000e+00
0.000000000000000000e+00
0.000000000000000000e+00
0.000000000000000000e+00
