0.000000000000000000e+00
0.000000000000000000e+00
0.000000000000000000e+00
0.000000000000000000e+00
0.000000000000000000e+00
3.209201422318070176e-06
9.627604266954210529e-06
3.307946081466318802e-05
2.821628635161195844e-04
7.629259227441535438e-03
1.008948241012014302e-01
3.911495655728720600e-01
3.911530216359422885e-01
1.014522377020932870e-01
7.218234583736952460e-03
1.720625685658226851e-04
2.715478126576828741e-06
0.000000000000000000e+00
0.000000000000000000e+00
0.000000000000000000e+00
0.000000000000000000e+00
0.000000000000000000e+00
0.000000000000000000e+00
0.000000000000000000e+00
