0.000000000000000000e+00
0.000000000000000000e+00
1.481169887223724729e-06
5.184094605283036764e-06
9.380742619083590658e-06
1.431797557649600670e-05
2.592047302641518297e-05
6.418402844636140353e-05
3.152423243307827454e-04
7.551744670010161059e-03
1.012749910389221797e-01
3.907340974195058214e-01
3.902707381064526859e-01
1.023019354940639669e-01
7.259213617283474806e-03
1.676190589041515308e-04
3.949786365929933176e-06
0.000000000000000000e+00
0.000000000000000000e+00
0.000000000000000000e+00
0.000000000000000000e+00
0.000000000000000000e+00
0.000000000000000000e+00
0.000000000000000000e+00
