0.000000000000000000e+00
0.000000000000000000e+00
0.000000000000000000e+00
7.405849436118623647e-07
2.468616478706208023e-06
4.443509661671174611e-06
4.937232957412416047e-06
3.085770598382759733e-05
2.234097913229118350e-04
7.205397778047679773e-03
1.005432931146336556e-01
3.909360302474639837e-01
3.936268222092537683e-01
1.003857953832922034e-01
6.870900245182988593e-03
1.636692725382215858e-04
1.234308239353104012e-06
0.000000000000000000e+00
0.000000000000000000e+00
0.000000000000000000e+00
0.000000000000000000e+00
0.000000000000000000e+00
0.000000000000000000e+00
0.000000000000000000e+00
