4.937232957412416470e-07
1.234308239353104012e-06
1.481169887223724729e-06
1.234308239353104012e-06
1.481169887223724729e-06
3.949786365929933176e-06
4.937232957412416047e-06
1.999579347752028575e-05
1.987236265358497463e-04
7.296736587759809420e-03
1.011135435212147937e-01
3.908540721803709372e-01
3.916988327393842173e-01
1.014063214355893500e-01
7.238724100510214067e-03
1.577445929893266953e-04
4.937232957412416470e-07
0.000000000000000000e+00
0.000000000000000000e+00
0.000000000000000000e+00
0.000000000000000000e+00
0.000000000000000000e+00
0.000000000000000000e+00
0.000000000000000000e+00
