0.000000000000000000e+00
0.000000000000000000e+00
0.000000000000000000e+00
0.000000000000000000e+00
1.728031535094345659e-06
5.677817901024278200e-06
1.999579347752028575e-05
5.406270088366595664e-05
3.744891198197317582e-04
7.683075066677331338e-03
1.011873551539281130e-01
3.899325376488699257e-01
3.912288081618385260e-01
1.021994879101976589e-01
7.156519171769296778e-03
1.557696998063617228e-04
4.937232957412416470e-07
0.000000000000000000e+00
0.000000000000000000e+00
0.000000000000000000e+00
0.000000000000000000e+00
0.000000000000000000e+00
0.000000000000000000e+00
0.000000000000000000e+00
