0.000000000000000000e+00
9.874465914824832940e-07
1.728031535094345659e-06
3.456063070188691317e-06
7.652711083989244788e-06
1.036818921056607353e-05
1.876148523816718132e-05
4.394137332097050299e-05
3.283259916679256442e-04
7.511506221407249564e-03
1.009933218987018044e-01
3.892492246075640594e-01
3.931158185981615816e-01
1.014144678699690771e-01
7.126155189081210227e-03
1.740374617487876576e-04
2.468616478706208235e-07
0.000000000000000000e+00
0.000000000000000000e+00
0.000000000000000000e+00
0.000000000000000000e+00
0.000000000000000000e+00
0.000000000000000000e+00
0.000000000000000000e+00
