2.468616478706208235e-07
2.221754830835587306e-06
2.221754830835587306e-06
5.677817901024278200e-06
3.456063070188691317e-06
7.405849436118624070e-06
1.530542216797848958e-05
5.332211594005409534e-05
3.426439672444216611e-04
7.813664878400889899e-03
1.010125771072357126e-01
3.886128152793535961e-01
3.937633367005262119e-01
1.010392381652057414e-01
7.143188642784283234e-03
1.826776194242594022e-04
0.000000000000000000e+00
0.000000000000000000e+00
0.000000000000000000e+00
0.000000000000000000e+00
0.000000000000000000e+00
0.000000000000000000e+00
0.000000000000000000e+00
0.000000000000000000e+00
