7.405849436118623647e-07
1.234308239353104012e-06
1.481169887223724729e-06
1.234308239353104012e-06
6.171541196765519635e-06
1.184935909778979783e-05
2.172382501261462993e-05
6.270285855913768091e-05
3.362255643997855343e-04
7.814405463344501618e-03
1.021804795633116242e-01
3.890816055486598923e-01
3.893585843175706995e-01
1.036858418920266617e-01
7.246129949946332124e-03
1.797152796498119299e-04
4.690371309541795329e-06
0.000000000000000000e+00
0.000000000000000000e+00
0.000000000000000000e+00
0.000000000000000000e+00
0.000000000000000000e+00
0.000000000000000000e+00
0.000000000000000000e+00
