1.481169887223724729e-06
2.468616478706208235e-07
1.728031535094345659e-06
3.456063070188691317e-06
2.962339774447449459e-06
8.640157675471727658e-06
1.036818921056607353e-05
2.271127160409711280e-05
2.251378228580061622e-04
7.372029390360348641e-03
1.014885263643302699e-01
3.896948098819705275e-01
3.914813476276101656e-01
1.022658936934748575e-01
7.216506552201858160e-03
2.004516580709441006e-04
0.000000000000000000e+00
0.000000000000000000e+00
0.000000000000000000e+00
0.000000000000000000e+00
0.000000000000000000e+00
0.000000000000000000e+00
0.000000000000000000e+00
0.000000000000000000e+00
