0.000000000000000000e+00
0.000000000000000000e+00
0.000000000000000000e+00
0.000000000000000000e+00
0.000000000000000000e+00
0.000000000000000000e+00
1.974893182964966588e-06
1.752717699881407688e-05
3.090707831340172638e-04
7.844522584384717306e-03
1.011088531499052534e-01
3.895545924659800097e-01
3.924596603381214632e-01
1.014268109523626116e-01
7.141707472897059795e-03
1.345395980894883428e-04
7.405849436118623647e-07
0.000000000000000000e+00
0.000000000000000000e+00
0.000000000000000000e+00
0.000000000000000000e+00
0.000000000000000000e+00
0.000000000000000000e+00
0.000000000000000000e+00
