0.000000000000000000e+00
0.000000000000000000e+00
2.468616478706208235e-07
2.221754830835587306e-06
3.702924718059312035e-06
4.937232957412416047e-06
1.160249744991917796e-05
3.283259916679256307e-05
2.708072277140710399e-04
7.499656862309459458e-03
1.027062948732760383e-01
3.883000415715014975e-01
3.914660422054422328e-01
1.022686091716014378e-01
7.265138296832370293e-03
1.646567191297040856e-04
3.209201422318070176e-06
0.000000000000000000e+00
0.000000000000000000e+00
0.000000000000000000e+00
0.000000000000000000e+00
0.000000000000000000e+00
0.000000000000000000e+00
0.000000000000000000e+00
