0.000000000000000000e+00
0.000000000000000000e+00
0.000000000000000000e+00
0.000000000000000000e+00
0.000000000000000000e+00
0.000000000000000000e+00
5.677817901024278200e-06
1.752717699881407688e-05
2.271127160409711348e-04
7.305623607083151783e-03
1.007649748744214729e-01
3.909325741843938107e-01
3.931247056174849153e-01
1.005050295592137127e-01
6.973594690697166622e-03
1.426860324692188239e-04
4.937232957412416470e-07
0.000000000000000000e+00
0.000000000000000000e+00
0.000000000000000000e+00
0.000000000000000000e+00
0.000000000000000000e+00
0.000000000000000000e+00
0.000000000000000000e+00
