0.000000000000000000e+00
0.000000000000000000e+00
0.000000000000000000e+00
0.000000000000000000e+00
0.000000000000000000e+00
0.000000000000000000e+00
4.937232957412416470e-07
1.283680568927228071e-05
2.016859663102971915e-04
6.940268368234633195e-03
1.003554314006041143e-01
3.920730749975560592e-01
3.926149363146320681e-01
1.006691925550476790e-01
6.996799685597005110e-03
1.340458747937471064e-04
1.234308239353104012e-06
0.000000000000000000e+00
0.000000000000000000e+00
0.000000000000000000e+00
0.000000000000000000e+00
0.000000000000000000e+00
0.000000000000000000e+00
0.000000000000000000e+00
