0.000000000000000000e+00
0.000000000000000000e+00
0.000000000000000000e+00
0.000000000000000000e+00
0.000000000000000000e+00
4.937232957412416470e-07
2.468616478706208023e-06
6.912126140377382635e-06
1.811964495370356660e-04
7.025435636749997360e-03
1.004586195694140427e-01
3.924882962892744520e-01
3.925398903736794232e-01
1.000401890762733365e-01
7.071351903253932612e-03
1.809495878891650479e-04
4.196648013800553894e-06
0.000000000000000000e+00
0.000000000000000000e+00
0.000000000000000000e+00
0.000000000000000000e+00
0.000000000000000000e+00
0.000000000000000000e+00
0.000000000000000000e+00
