2.468616478706208235e-07
1.481169887223724729e-06
9.874465914824832940e-07
2.962339774447449459e-06
3.702924718059312035e-06
1.184935909778979783e-05
1.826776194242593819e-05
3.554807729336939689e-05
2.801879703331545848e-04
7.662585549904069732e-03
1.017966097008728005e-01
3.892734170490553813e-01
3.923391918539606005e-01
1.011992045130259005e-01
7.199966821794526010e-03
1.737906001009170394e-04
0.000000000000000000e+00
0.000000000000000000e+00
0.000000000000000000e+00
0.000000000000000000e+00
0.000000000000000000e+00
0.000000000000000000e+00
0.000000000000000000e+00
0.000000000000000000e+00
