0.000000000000000000e+00
0.000000000000000000e+00
2.468616478706208023e-06
4.196648013800553894e-06
5.184094605283036764e-06
6.665264492506761917e-06
1.703345370307283375e-05
5.924679548894899256e-05
3.130205694999471547e-04
7.430535600905685718e-03
1.015319740143555000e-01
3.896841948311120518e-01
3.913487829227036419e-01
1.022239272133368543e-01
7.232058836017706861e-03
1.389831077511594971e-04
1.728031535094345659e-06
0.000000000000000000e+00
0.000000000000000000e+00
0.000000000000000000e+00
0.000000000000000000e+00
0.000000000000000000e+00
0.000000000000000000e+00
0.000000000000000000e+00
