0.000000000000000000e+00
0.000000000000000000e+00
0.000000000000000000e+00
0.000000000000000000e+00
2.468616478706208235e-07
3.456063070188691317e-06
7.899572731859866352e-06
2.221754830835587306e-05
2.335311188856072616e-04
7.524343027096522252e-03
1.000192058362043279e-01
3.911379630754221459e-01
3.927408357550460916e-01
1.011424263340156560e-01
7.024695051806385641e-03
1.431797557649600603e-04
0.000000000000000000e+00
0.000000000000000000e+00
0.000000000000000000e+00
0.000000000000000000e+00
0.000000000000000000e+00
0.000000000000000000e+00
0.000000000000000000e+00
0.000000000000000000e+00
