0.000000000000000000e+00
0.000000000000000000e+00
0.000000000000000000e+00
4.937232957412416470e-07
1.974893182964966588e-06
2.962339774447449459e-06
1.209622074566041940e-05
5.455642417940719300e-05
2.989494555713217831e-04
7.549769776827195897e-03
1.011298363899742619e-01
3.901808804666277442e-01
3.919624809793100240e-01
1.014359448333338326e-01
7.206878947934903211e-03
1.589789012286797862e-04
4.196648013800553894e-06
0.000000000000000000e+00
0.000000000000000000e+00
0.000000000000000000e+00
0.000000000000000000e+00
0.000000000000000000e+00
0.000000000000000000e+00
0.000000000000000000e+00
