0.000000000000000000e+00
0.000000000000000000e+00
0.000000000000000000e+00
0.000000000000000000e+00
0.000000000000000000e+00
0.000000000000000000e+00
0.000000000000000000e+00
1.234308239353103927e-05
2.202005899005937445e-04
7.381903856275173585e-03
1.015465388515798678e-01
3.908792520684537530e-01
3.908987541386355069e-01
1.014845765779643361e-01
7.393259492077221967e-03
1.804558645934238115e-04
2.715478126576828741e-06
0.000000000000000000e+00
0.000000000000000000e+00
0.000000000000000000e+00
0.000000000000000000e+00
0.000000000000000000e+00
0.000000000000000000e+00
0.000000000000000000e+00
