0.000000000000000000e+00
0.000000000000000000e+00
0.000000000000000000e+00
0.000000000000000000e+00
2.468616478706208023e-06
7.652711083989244788e-06
1.777403864668469845e-05
5.011291451773602516e-05
3.423971055965510700e-04
7.743556170405633578e-03
1.013969406929702693e-01
3.895669355483735163e-01
3.902171691288647271e-01
1.029901857683272609e-01
7.491757289577599677e-03
1.718157069179520669e-04
1.234308239353104012e-06
0.000000000000000000e+00
0.000000000000000000e+00
0.000000000000000000e+00
0.000000000000000000e+00
0.000000000000000000e+00
0.000000000000000000e+00
0.000000000000000000e+00
