0.000000000000000000e+00
0.000000000000000000e+00
2.468616478706208235e-07
1.728031535094345659e-06
1.481169887223724729e-06
6.912126140377382635e-06
1.900834688603780288e-05
3.999158695504057150e-05
2.495771259971976057e-04
7.471514634452208932e-03
1.006993096760878947e-01
3.915131927801854816e-01
3.903877505275433202e-01
1.022829271471779322e-01
7.180464751612746985e-03
1.458952338915368873e-04
0.000000000000000000e+00
0.000000000000000000e+00
0.000000000000000000e+00
0.000000000000000000e+00
0.000000000000000000e+00
0.000000000000000000e+00
0.000000000000000000e+00
0.000000000000000000e+00
