0.000000000000000000e+00
0.000000000000000000e+00
0.000000000000000000e+00
1.481169887223724729e-06
1.728031535094345659e-06
4.443509661671174611e-06
8.640157675471727658e-06
3.678238553272250133e-05
2.792005237416721121e-04
7.289577599971561357e-03
1.013789197926757146e-01
3.897234458331235163e-01
3.926275262586734760e-01
1.014159490398563040e-01
7.045431430227517243e-03
1.846525126072243476e-04
2.221754830835587306e-06
0.000000000000000000e+00
0.000000000000000000e+00
0.000000000000000000e+00
0.000000000000000000e+00
0.000000000000000000e+00
0.000000000000000000e+00
0.000000000000000000e+00
