0.000000000000000000e+00
0.000000000000000000e+00
2.468616478706208235e-07
1.728031535094345659e-06
2.221754830835587306e-06
6.912126140377382635e-06
1.579914546371973270e-05
2.764850456150953054e-05
3.085770598382759733e-04
7.674434909001858970e-03
1.019950864657607897e-01
3.889655805741606964e-01
3.912586784212309099e-01
1.024609143952926460e-01
7.108874873730267226e-03
1.718157069179520669e-04
1.481169887223724729e-06
0.000000000000000000e+00
0.000000000000000000e+00
0.000000000000000000e+00
0.000000000000000000e+00
0.000000000000000000e+00
0.000000000000000000e+00
0.000000000000000000e+00
