0.000000000000000000e+00
0.000000000000000000e+00
0.000000000000000000e+00
9.874465914824832940e-07
1.728031535094345659e-06
6.912126140377382635e-06
8.640157675471727658e-06
2.567361137854456141e-05
2.278533009845829893e-04
7.390297152302775091e-03
9.981110146704939845e-02
3.915539249520841314e-01
3.933997094932127903e-01
1.004773810546522039e-01
6.929653317376196532e-03
1.629286875946097312e-04
3.209201422318070176e-06
0.000000000000000000e+00
0.000000000000000000e+00
0.000000000000000000e+00
0.000000000000000000e+00
0.000000000000000000e+00
0.000000000000000000e+00
0.000000000000000000e+00
