0.000000000000000000e+00
0.000000000000000000e+00
0.000000000000000000e+00
1.234308239353104012e-06
5.677817901024278200e-06
8.146434379730486223e-06
9.380742619083590658e-06
2.888281280086263497e-05
2.453804779833970696e-04
7.536686109490053215e-03
1.017067520610479003e-01
3.893975884579342628e-01
3.921713259334085877e-01
1.011932798334770067e-01
7.501631755492424621e-03
1.937863935784373286e-04
2.468616478706208235e-07
0.000000000000000000e+00
0.000000000000000000e+00
0.000000000000000000e+00
0.000000000000000000e+00
0.000000000000000000e+00
0.000000000000000000e+00
0.000000000000000000e+00
