0.000000000000000000e+00
0.000000000000000000e+00
0.000000000000000000e+00
0.000000000000000000e+00
1.234308239353104012e-06
3.456063070188691317e-06
4.443509661671174611e-06
1.086191250630731496e-05
2.108198472815101725e-04
7.459171552058677969e-03
1.014739615271059020e-01
3.905457419821805609e-01
3.910826660662991561e-01
1.018291954383917230e-01
7.217000275497599017e-03
1.607069327637741405e-04
7.405849436118623647e-07
0.000000000000000000e+00
0.000000000000000000e+00
0.000000000000000000e+00
0.000000000000000000e+00
0.000000000000000000e+00
0.000000000000000000e+00
0.000000000000000000e+00
