0.000000000000000000e+00
0.000000000000000000e+00
2.468616478706208235e-07
1.974893182964966588e-06
2.221754830835587306e-06
1.234308239353104012e-06
8.640157675471727658e-06
2.419244149132083880e-05
2.564892521375750230e-04
7.388815982415550786e-03
1.006324101695149631e-01
3.908886328110728337e-01
3.930513877080673568e-01
1.005341592336624484e-01
7.048887493297705843e-03
1.594726245244210226e-04
1.234308239353104012e-06
0.000000000000000000e+00
0.000000000000000000e+00
0.000000000000000000e+00
0.000000000000000000e+00
0.000000000000000000e+00
0.000000000000000000e+00
0.000000000000000000e+00
