0.000000000000000000e+00
0.000000000000000000e+00
0.000000000000000000e+00
0.000000000000000000e+00
2.221754830835587306e-06
4.196648013800553894e-06
1.431797557649600670e-05
3.727610882846373768e-05
2.517988808280331964e-04
7.496941384182882577e-03
1.010444222598110287e-01
3.907227417837037531e-01
3.917879497942655109e-01
1.013717608048874674e-01
7.106899980547302063e-03
1.574977313414560771e-04
1.974893182964966588e-06
0.000000000000000000e+00
0.000000000000000000e+00
0.000000000000000000e+00
0.000000000000000000e+00
0.000000000000000000e+00
0.000000000000000000e+00
0.000000000000000000e+00
