9.874465914824832940e-07
1.234308239353104012e-06
3.949786365929933176e-06
5.184094605283036764e-06
9.874465914824832093e-06
1.110877415417793653e-05
1.851462359029655975e-05
5.628445571450154056e-05
3.256105135413488172e-04
7.631234120624500600e-03
1.016512081902770093e-01
3.884866689772916715e-01
3.924853339495000260e-01
1.023169940545840678e-01
6.836339614481101723e-03
1.565102847499735773e-04
2.962339774447449459e-06
0.000000000000000000e+00
0.000000000000000000e+00
0.000000000000000000e+00
0.000000000000000000e+00
0.000000000000000000e+00
0.000000000000000000e+00
0.000000000000000000e+00
