0.000000000000000000e+00
7.405849436118623647e-07
1.481169887223724729e-06
2.715478126576828741e-06
3.209201422318070176e-06
4.443509661671174611e-06
9.627604266954210529e-06
1.826776194242593819e-05
2.137821870559576177e-04
7.414736455441966155e-03
1.015139531140609452e-01
3.895518769878534293e-01
3.924989113401328722e-01
1.016260283021942074e-01
6.987172081330051028e-03
1.518199134404317778e-04
1.234308239353104012e-06
0.000000000000000000e+00
0.000000000000000000e+00
0.000000000000000000e+00
0.000000000000000000e+00
0.000000000000000000e+00
0.000000000000000000e+00
0.000000000000000000e+00
