4.937232957412416470e-07
2.468616478706208023e-06
4.937232957412416470e-07
3.209201422318070176e-06
3.702924718059312035e-06
3.949786365929933176e-06
9.133880971212969094e-06
2.517988808280332167e-05
2.569829754333162594e-04
7.571246740191940085e-03
1.010893510797234718e-01
3.906244908478512801e-01
3.912576909746394160e-01
1.019563291870450999e-01
7.027657391580832517e-03
1.614475177073859951e-04
3.456063070188691317e-06
0.000000000000000000e+00
0.000000000000000000e+00
0.000000000000000000e+00
0.000000000000000000e+00
0.000000000000000000e+00
0.000000000000000000e+00
0.000000000000000000e+00
