1.728031535094345659e-06
2.468616478706208235e-07
2.715478126576828741e-06
1.234308239353104012e-06
6.171541196765519635e-06
9.380742619083590658e-06
1.752717699881407688e-05
5.505014747514843613e-05
3.735016732282492855e-04
7.890932574184394283e-03
1.020464336885178736e-01
3.883197905033311526e-01
3.908839424397632656e-01
1.024814039120659076e-01
7.727263301646172290e-03
1.824307577763887569e-04
0.000000000000000000e+00
0.000000000000000000e+00
0.000000000000000000e+00
0.000000000000000000e+00
0.000000000000000000e+00
0.000000000000000000e+00
0.000000000000000000e+00
0.000000000000000000e+00
