0.000000000000000000e+00
0.000000000000000000e+00
0.000000000000000000e+00
0.000000000000000000e+00
0.000000000000000000e+00
4.196648013800553894e-06
1.258994404140166083e-05
5.011291451773602516e-05
2.547612206024806687e-04
7.314263764758623283e-03
1.013986687245053697e-01
3.915487408574788719e-01
3.905380892710965668e-01
1.015411078953267071e-01
7.163431297909673978e-03
1.723094302136933304e-04
1.728031535094345659e-06
0.000000000000000000e+00
0.000000000000000000e+00
0.000000000000000000e+00
0.000000000000000000e+00
0.000000000000000000e+00
0.000000000000000000e+00
0.000000000000000000e+00
