0.000000000000000000e+00
0.000000000000000000e+00
0.000000000000000000e+00
0.000000000000000000e+00
0.000000000000000000e+00
0.000000000000000000e+00
2.715478126576828741e-06
1.530542216797848958e-05
2.480959561099738966e-04
7.666288474622129194e-03
1.013959532463787894e-01
3.904186082335271424e-01
3.918755856792595638e-01
1.008178032670657975e-01
7.386841089232586491e-03
1.718157069179520669e-04
9.874465914824832940e-07
0.000000000000000000e+00
0.000000000000000000e+00
0.000000000000000000e+00
0.000000000000000000e+00
0.000000000000000000e+00
0.000000000000000000e+00
0.000000000000000000e+00
