0.000000000000000000e+00
0.000000000000000000e+00
0.000000000000000000e+00
9.874465914824832940e-07
1.974893182964966588e-06
1.481169887223724729e-06
3.209201422318070176e-06
1.110877415417793653e-05
2.293344708718067255e-04
7.407824329301588955e-03
1.014858108862036895e-01
3.898224373539196375e-01
3.924520076270374691e-01
1.014435975444178129e-01
6.992109314287463066e-03
1.444140640043131783e-04
3.702924718059312035e-06
0.000000000000000000e+00
0.000000000000000000e+00
0.000000000000000000e+00
0.000000000000000000e+00
0.000000000000000000e+00
0.000000000000000000e+00
0.000000000000000000e+00
