0.000000000000000000e+00
0.000000000000000000e+00
0.000000000000000000e+00
2.468616478706208235e-07
1.974893182964966588e-06
1.974893182964966588e-06
3.209201422318070176e-06
1.357739063288414370e-05
1.940332552263079467e-04
6.911879278729511807e-03
1.003119837505788842e-01
3.933167639795282500e-01
3.911836324802782094e-01
1.006425314970776502e-01
7.249092289720779868e-03
1.676190589041515308e-04
1.481169887223724729e-06
0.000000000000000000e+00
0.000000000000000000e+00
0.000000000000000000e+00
0.000000000000000000e+00
0.000000000000000000e+00
0.000000000000000000e+00
0.000000000000000000e+00
