5.430956253153657482e-06
4.690371309541795329e-06
6.912126140377382635e-06
5.677817901024278200e-06
1.184935909778979783e-05
1.678659205520221558e-05
2.147696336474400836e-05
5.825934889746650630e-05
3.737485348761198766e-04
8.004735793852749831e-03
1.017953753926334470e-01
3.883822465002424451e-01
3.910123104966560237e-01
1.023088476202043406e-01
7.790706745148921405e-03
1.819370344806475206e-04
1.061505085843669509e-05
0.000000000000000000e+00
0.000000000000000000e+00
0.000000000000000000e+00
0.000000000000000000e+00
0.000000000000000000e+00
0.000000000000000000e+00
0.000000000000000000e+00
