0.000000000000000000e+00
2.468616478706208235e-07
1.974893182964966588e-06
4.937232957412416470e-07
4.443509661671174611e-06
6.171541196765519635e-06
1.925520853390842106e-05
2.740164291363890897e-05
2.236566529707824532e-04
7.700355382028274340e-03
1.012335182820799234e-01
3.897599813570083449e-01
3.918128828207004255e-01
1.016596014863046099e-01
7.369807635529513484e-03
1.802090029455531933e-04
0.000000000000000000e+00
0.000000000000000000e+00
0.000000000000000000e+00
0.000000000000000000e+00
0.000000000000000000e+00
0.000000000000000000e+00
0.000000000000000000e+00
0.000000000000000000e+00
