7.405849436118623647e-07
7.405849436118623647e-07
2.715478126576828741e-06
9.874465914824832940e-07
1.234308239353104012e-06
3.456063070188691317e-06
1.160249744991917796e-05
4.048531025078180786e-05
2.848783416426964115e-04
7.292539939746009101e-03
1.009056860137077377e-01
3.910982183501149900e-01
3.917356151249169471e-01
1.012994303420613751e-01
7.140966887953448076e-03
1.725562918615639485e-04
3.702924718059312035e-06
0.000000000000000000e+00
0.000000000000000000e+00
0.000000000000000000e+00
0.000000000000000000e+00
0.000000000000000000e+00
0.000000000000000000e+00
0.000000000000000000e+00
