0.000000000000000000e+00
0.000000000000000000e+00
9.874465914824832940e-07
2.962339774447449459e-06
3.702924718059312035e-06
6.418402844636140353e-06
1.086191250630731496e-05
3.036398268808635759e-05
2.811754169246371117e-04
7.313029456519270707e-03
1.011493384601560297e-01
3.906348590370618545e-01
3.928410615840815523e-01
1.007015314309187282e-01
6.892377208547732781e-03
1.313303966671702523e-04
0.000000000000000000e+00
0.000000000000000000e+00
0.000000000000000000e+00
0.000000000000000000e+00
0.000000000000000000e+00
0.000000000000000000e+00
0.000000000000000000e+00
0.000000000000000000e+00
