1.481169887223724729e-06
2.962339774447449459e-06
2.715478126576828741e-06
3.702924718059312035e-06
7.405849436118624070e-06
8.393296027601107788e-06
1.678659205520221558e-05
3.678238553272250133e-05
2.735227058406478669e-04
7.567790677121751484e-03
1.010454097064025086e-01
3.889660742974564434e-01
3.935231403171480791e-01
1.013209073054261167e-01
7.028151114876574242e-03
1.824307577763887569e-04
2.468616478706208023e-06
0.000000000000000000e+00
0.000000000000000000e+00
0.000000000000000000e+00
0.000000000000000000e+00
0.000000000000000000e+00
0.000000000000000000e+00
0.000000000000000000e+00
