0.000000000000000000e+00
0.000000000000000000e+00
0.000000000000000000e+00
0.000000000000000000e+00
9.874465914824832940e-07
2.221754830835587306e-06
6.418402844636140353e-06
3.061084433595697915e-05
2.438993080961733605e-04
7.566803230530268903e-03
1.014769238668803558e-01
3.897231989714756151e-01
3.919447069406633566e-01
1.017008273814990066e-01
7.127142635672692808e-03
1.757654932838820119e-04
4.937232957412416470e-07
0.000000000000000000e+00
0.000000000000000000e+00
0.000000000000000000e+00
0.000000000000000000e+00
0.000000000000000000e+00
0.000000000000000000e+00
0.000000000000000000e+00
