0.000000000000000000e+00
0.000000000000000000e+00
0.000000000000000000e+00
0.000000000000000000e+00
0.000000000000000000e+00
4.937232957412416470e-07
4.196648013800553894e-06
2.715478126576828741e-05
2.545143589546100234e-04
7.516937177660403327e-03
1.011579786178315038e-01
3.903655329792349860e-01
3.923226521235532727e-01
1.011880957388717195e-01
7.033335209481857142e-03
1.291086418363346887e-04
0.000000000000000000e+00
0.000000000000000000e+00
0.000000000000000000e+00
0.000000000000000000e+00
0.000000000000000000e+00
0.000000000000000000e+00
0.000000000000000000e+00
0.000000000000000000e+00
