0.000000000000000000e+00
0.000000000000000000e+00
1.974893182964966588e-06
1.728031535094345659e-06
1.974893182964966588e-06
3.209201422318070176e-06
6.912126140377382635e-06
2.567361137854456141e-05
2.411838299695965063e-04
7.478920483888327857e-03
1.002951971585236829e-01
3.908301266005275165e-01
3.929047518892321844e-01
1.009950499302369048e-01
7.039506750678622624e-03
1.737906001009170394e-04
0.000000000000000000e+00
0.000000000000000000e+00
0.000000000000000000e+00
0.000000000000000000e+00
0.000000000000000000e+00
0.000000000000000000e+00
0.000000000000000000e+00
0.000000000000000000e+00
