0.000000000000000000e+00
1.728031535094345659e-06
9.874465914824832940e-07
2.221754830835587306e-06
4.443509661671174611e-06
1.357739063288414370e-05
3.456063070188691063e-05
6.788695316442071683e-05
3.332632246253380620e-04
7.623087686244769956e-03
1.005736570973217447e-01
3.897296173743202696e-01
3.933604584912013813e-01
1.007469539741269182e-01
7.317966689476682746e-03
1.883554373252836745e-04
1.234308239353104012e-06
0.000000000000000000e+00
0.000000000000000000e+00
0.000000000000000000e+00
0.000000000000000000e+00
0.000000000000000000e+00
0.000000000000000000e+00
0.000000000000000000e+00
