0.000000000000000000e+00
0.000000000000000000e+00
0.000000000000000000e+00
0.000000000000000000e+00
0.000000000000000000e+00
4.937232957412416470e-07
2.962339774447449459e-06
2.493302643493270010e-05
2.206943131963349809e-04
7.297477172703421139e-03
1.004430672855981949e-01
3.906820096118051033e-01
3.930109023978165528e-01
1.009876440808007841e-01
7.178489858429781822e-03
1.513261901446905414e-04
0.000000000000000000e+00
0.000000000000000000e+00
0.000000000000000000e+00
0.000000000000000000e+00
0.000000000000000000e+00
0.000000000000000000e+00
0.000000000000000000e+00
0.000000000000000000e+00
