1.481169887223724729e-06
9.874465914824832940e-07
1.728031535094345659e-06
1.728031535094345659e-06
4.196648013800553894e-06
8.146434379730486223e-06
7.899572731859866352e-06
2.073637842113214706e-05
2.248909612101355441e-04
7.277234517578030394e-03
1.008345898591209988e-01
3.907274321550133211e-01
3.920809745702879545e-01
1.014606309981208876e-01
7.196263897076466548e-03
1.510793284968199232e-04
0.000000000000000000e+00
0.000000000000000000e+00
0.000000000000000000e+00
0.000000000000000000e+00
0.000000000000000000e+00
0.000000000000000000e+00
0.000000000000000000e+00
0.000000000000000000e+00
