0.000000000000000000e+00
0.000000000000000000e+00
0.000000000000000000e+00
0.000000000000000000e+00
0.000000000000000000e+00
0.000000000000000000e+00
2.468616478706208235e-07
7.652711083989244788e-06
2.248909612101355441e-04
7.564334614051562884e-03
1.012725224224434728e-01
3.913248373428602211e-01
3.904173739252878028e-01
1.016057856470688192e-01
7.424610921356791099e-03
1.577445929893266953e-04
0.000000000000000000e+00
0.000000000000000000e+00
0.000000000000000000e+00
0.000000000000000000e+00
0.000000000000000000e+00
0.000000000000000000e+00
0.000000000000000000e+00
0.000000000000000000e+00
