0.000000000000000000e+00
0.000000000000000000e+00
1.234308239353104012e-06
1.481169887223724729e-06
2.221754830835587306e-06
4.443509661671174611e-06
1.555228381584911114e-05
3.431376905401629246e-05
2.421712765610790062e-04
7.572974771727034385e-03
1.013734888364225539e-01
3.902161816822732332e-01
3.916455106234441597e-01
1.013890411202384156e-01
7.319200997716036189e-03
1.816901728327769024e-04
4.937232957412416470e-07
0.000000000000000000e+00
0.000000000000000000e+00
0.000000000000000000e+00
0.000000000000000000e+00
0.000000000000000000e+00
0.000000000000000000e+00
0.000000000000000000e+00
