0.000000000000000000e+00
0.000000000000000000e+00
2.468616478706208235e-07
1.974893182964966588e-06
1.234308239353104012e-06
1.974893182964966588e-06
3.702924718059312035e-06
2.493302643493270010e-05
2.485896794057151330e-04
7.179724166669135266e-03
1.006116737910938280e-01
3.919943261318853400e-01
3.911707956745889558e-01
1.016050450621251988e-01
6.998280855484229415e-03
1.537948066233967503e-04
3.702924718059312035e-06
0.000000000000000000e+00
0.000000000000000000e+00
0.000000000000000000e+00
0.000000000000000000e+00
0.000000000000000000e+00
0.000000000000000000e+00
0.000000000000000000e+00
