0.000000000000000000e+00
0.000000000000000000e+00
0.000000000000000000e+00
0.000000000000000000e+00
9.874465914824832940e-07
2.221754830835587306e-06
9.874465914824832093e-06
3.628866223698125820e-05
3.389410425263623614e-04
8.019300631077115951e-03
1.024224039782248297e-01
3.883294181075980789e-01
3.899794413619653288e-01
1.032590181028583548e-01
7.442878683299216681e-03
1.582383162850679317e-04
9.874465914824832940e-07
0.000000000000000000e+00
0.000000000000000000e+00
0.000000000000000000e+00
0.000000000000000000e+00
0.000000000000000000e+00
0.000000000000000000e+00
0.000000000000000000e+00
