0.000000000000000000e+00
2.468616478706208235e-07
1.728031535094345659e-06
2.715478126576828741e-06
6.171541196765519635e-06
6.665264492506761917e-06
1.110877415417793653e-05
4.295392672948801673e-05
2.935184993181681290e-04
7.508297019984931826e-03
1.014956853521185171e-01
3.898955084016893502e-01
3.912191805575715997e-01
1.020817349041633765e-01
7.259213617283474806e-03
1.735437384530464212e-04
1.728031535094345659e-06
0.000000000000000000e+00
0.000000000000000000e+00
0.000000000000000000e+00
0.000000000000000000e+00
0.000000000000000000e+00
0.000000000000000000e+00
0.000000000000000000e+00
