0.000000000000000000e+00
2.468616478706208235e-07
1.234308239353104012e-06
2.962339774447449459e-06
6.418402844636140353e-06
1.258994404140166083e-05
1.555228381584911114e-05
4.640998979967671186e-05
3.028992419372517281e-04
7.616669283400134480e-03
1.011088531499052534e-01
3.900268387983564788e-01
3.920118533088841617e-01
1.015601162422127557e-01
7.130598698742881408e-03
1.567571463978441955e-04
0.000000000000000000e+00
0.000000000000000000e+00
0.000000000000000000e+00
0.000000000000000000e+00
0.000000000000000000e+00
0.000000000000000000e+00
0.000000000000000000e+00
0.000000000000000000e+00
