0.000000000000000000e+00
0.000000000000000000e+00
0.000000000000000000e+00
0.000000000000000000e+00
0.000000000000000000e+00
7.405849436118623647e-07
7.652711083989244788e-06
2.246440995622649123e-05
1.666316123126690310e-04
7.339937376137167790e-03
1.016776223865991646e-01
3.910814317580597610e-01
3.902114913109637206e-01
1.020879064453601298e-01
7.271309838029135775e-03
1.323178432586527521e-04
4.937232957412416470e-07
0.000000000000000000e+00
0.000000000000000000e+00
0.000000000000000000e+00
0.000000000000000000e+00
0.000000000000000000e+00
0.000000000000000000e+00
0.000000000000000000e+00
