7.405849436118623647e-07
1.481169887223724729e-06
2.221754830835587306e-06
5.184094605283036764e-06
7.899572731859866352e-06
1.505856052010786801e-05
3.110456763169822228e-05
7.677397248776306605e-05
3.557276345815645600e-04
7.831685778695444619e-03
1.005112011004104799e-01
3.905373486861529186e-01
3.910789631415810819e-01
1.020372998075466525e-01
7.349811842051992734e-03
1.550291148627498683e-04
2.468616478706208023e-06
0.000000000000000000e+00
0.000000000000000000e+00
0.000000000000000000e+00
0.000000000000000000e+00
0.000000000000000000e+00
0.000000000000000000e+00
0.000000000000000000e+00
