0.000000000000000000e+00
0.000000000000000000e+00
0.000000000000000000e+00
0.000000000000000000e+00
0.000000000000000000e+00
2.468616478706208235e-07
2.468616478706208023e-06
1.826776194242593819e-05
2.431587231525614789e-04
7.638639970060619525e-03
1.006032804950662274e-01
3.910404527245132655e-01
3.915581216000979525e-01
1.014971665220057440e-01
7.187376877753124185e-03
2.093386773942864363e-04
1.481169887223724729e-06
0.000000000000000000e+00
0.000000000000000000e+00
0.000000000000000000e+00
0.000000000000000000e+00
0.000000000000000000e+00
0.000000000000000000e+00
0.000000000000000000e+00
