0.000000000000000000e+00
0.000000000000000000e+00
0.000000000000000000e+00
0.000000000000000000e+00
0.000000000000000000e+00
1.234308239353104012e-06
1.061505085843669509e-05
2.764850456150953054e-05
2.982088706277099014e-04
7.732447396251455191e-03
1.008563136841336139e-01
3.894654754110987160e-01
3.927971202107605753e-01
1.015285179512853131e-01
7.139485718066223771e-03
1.429328941170894421e-04
0.000000000000000000e+00
0.000000000000000000e+00
0.000000000000000000e+00
0.000000000000000000e+00
0.000000000000000000e+00
0.000000000000000000e+00
0.000000000000000000e+00
0.000000000000000000e+00
