0.000000000000000000e+00
0.000000000000000000e+00
0.000000000000000000e+00
0.000000000000000000e+00
7.405849436118623647e-07
3.456063070188691317e-06
1.012132756269545196e-05
3.431376905401629246e-05
2.564892521375750230e-04
7.610497742203368998e-03
1.017136641871882741e-01
3.889102835650376511e-01
3.927568817621576724e-01
1.014490285006709736e-01
7.081966954112369275e-03
1.725562918615639485e-04
0.000000000000000000e+00
0.000000000000000000e+00
0.000000000000000000e+00
0.000000000000000000e+00
0.000000000000000000e+00
0.000000000000000000e+00
0.000000000000000000e+00
0.000000000000000000e+00
