0.000000000000000000e+00
0.000000000000000000e+00
0.000000000000000000e+00
0.000000000000000000e+00
0.000000000000000000e+00
0.000000000000000000e+00
6.665264492506761917e-06
2.542674973067394323e-05
2.155102185910519449e-04
7.329075463630861133e-03
1.008089162477424500e-01
3.911517873277028934e-01
3.921488615234523523e-01
1.009871503575050372e-01
7.163925021205415702e-03
1.616943793552566132e-04
9.874465914824832940e-07
0.000000000000000000e+00
0.000000000000000000e+00
0.000000000000000000e+00
0.000000000000000000e+00
0.000000000000000000e+00
0.000000000000000000e+00
0.000000000000000000e+00
