0.000000000000000000e+00
0.000000000000000000e+00
0.000000000000000000e+00
0.000000000000000000e+00
2.221754830835587306e-06
6.665264492506761917e-06
1.283680568927228071e-05
4.122589519439367594e-05
2.527863274195157233e-04
7.396962416795281429e-03
1.002418750425836391e-01
3.918195480851929258e-01
3.922908069709779566e-01
1.008224936383753378e-01
6.951870865684552439e-03
1.602132094680329042e-04
4.937232957412416470e-07
0.000000000000000000e+00
0.000000000000000000e+00
0.000000000000000000e+00
0.000000000000000000e+00
0.000000000000000000e+00
0.000000000000000000e+00
0.000000000000000000e+00
