0.000000000000000000e+00
0.000000000000000000e+00
0.000000000000000000e+00
1.728031535094345659e-06
7.158987788248003352e-06
9.627604266954210529e-06
2.493302643493270010e-05
4.171961849013491229e-05
2.550080822503512598e-04
7.555200733080349659e-03
1.013310286329888177e-01
3.899737635440643224e-01
3.917815313914208564e-01
1.013567022443673526e-01
7.502866063731778064e-03
1.565102847499735773e-04
2.221754830835587306e-06
0.000000000000000000e+00
0.000000000000000000e+00
0.000000000000000000e+00
0.000000000000000000e+00
0.000000000000000000e+00
0.000000000000000000e+00
0.000000000000000000e+00
