0.000000000000000000e+00
0.000000000000000000e+00
0.000000000000000000e+00
7.405849436118623647e-07
1.728031535094345659e-06
2.962339774447449459e-06
6.418402844636140353e-06
1.950207018177904262e-05
2.530331890673863143e-04
7.714179634309029608e-03
1.011325518681008284e-01
3.901438512194471686e-01
3.909686159849828924e-01
1.023735253719464389e-01
7.227368464708164818e-03
1.550291148627498683e-04
4.937232957412416470e-07
0.000000000000000000e+00
0.000000000000000000e+00
0.000000000000000000e+00
0.000000000000000000e+00
0.000000000000000000e+00
0.000000000000000000e+00
0.000000000000000000e+00
