0.000000000000000000e+00
4.937232957412416470e-07
1.481169887223724729e-06
1.481169887223724729e-06
2.221754830835587306e-06
1.974893182964966588e-06
5.924679548894898917e-06
1.579914546371973270e-05
2.483428177578445419e-04
7.577912004684446423e-03
1.016887311607533456e-01
3.889088023951504658e-01
3.930469441984056900e-01
1.011811836127313458e-01
7.135535931700294314e-03
1.811964495370356660e-04
1.974893182964966588e-06
0.000000000000000000e+00
0.000000000000000000e+00
0.000000000000000000e+00
0.000000000000000000e+00
0.000000000000000000e+00
0.000000000000000000e+00
0.000000000000000000e+00
