0.000000000000000000e+00
0.000000000000000000e+00
0.000000000000000000e+00
0.000000000000000000e+00
0.000000000000000000e+00
3.209201422318070176e-06
6.418402844636140353e-06
1.826776194242593819e-05
2.053888910283564913e-04
7.042962813748811224e-03
1.008284183179242316e-01
3.919491504503250234e-01
3.914890003386941597e-01
1.012051291925747942e-01
7.108628012082396364e-03
1.429328941170894421e-04
4.937232957412416470e-07
0.000000000000000000e+00
0.000000000000000000e+00
0.000000000000000000e+00
0.000000000000000000e+00
0.000000000000000000e+00
0.000000000000000000e+00
0.000000000000000000e+00
