9.874465914824832940e-07
1.974893182964966588e-06
7.405849436118623647e-07
3.702924718059312035e-06
3.949786365929933176e-06
6.418402844636140353e-06
1.234308239353103927e-05
3.357318411040443115e-05
2.727821208970359853e-04
7.487560641563799357e-03
1.014450787143050398e-01
3.900451065602988932e-01
3.915435567628736124e-01
1.019822496600715084e-01
7.043703398692422943e-03
1.160249744991917763e-04
2.468616478706208235e-07
0.000000000000000000e+00
0.000000000000000000e+00
0.000000000000000000e+00
0.000000000000000000e+00
0.000000000000000000e+00
0.000000000000000000e+00
0.000000000000000000e+00
