0.000000000000000000e+00
0.000000000000000000e+00
0.000000000000000000e+00
0.000000000000000000e+00
0.000000000000000000e+00
9.874465914824832940e-07
5.430956253153657482e-06
1.974893182964966419e-05
2.868532348256613569e-04
7.690480916113449396e-03
1.016766349400076846e-01
3.901505164839396689e-01
3.907755701763480638e-01
1.017018148280904866e-01
7.532242599828382033e-03
1.567571463978441955e-04
2.962339774447449459e-06
0.000000000000000000e+00
0.000000000000000000e+00
0.000000000000000000e+00
0.000000000000000000e+00
0.000000000000000000e+00
0.000000000000000000e+00
0.000000000000000000e+00
