0.000000000000000000e+00
0.000000000000000000e+00
0.000000000000000000e+00
0.000000000000000000e+00
1.728031535094345659e-06
1.974893182964966588e-06
6.171541196765519635e-06
2.172382501261462993e-05
2.090918157464158181e-04
7.351786735234957897e-03
1.009530834500988877e-01
3.902297590729061350e-01
3.924989113401328722e-01
1.014589029665858011e-01
7.129611252151399695e-03
1.365144912724532882e-04
7.405849436118623647e-07
0.000000000000000000e+00
0.000000000000000000e+00
0.000000000000000000e+00
0.000000000000000000e+00
0.000000000000000000e+00
0.000000000000000000e+00
0.000000000000000000e+00
