0.000000000000000000e+00
0.000000000000000000e+00
0.000000000000000000e+00
1.234308239353104012e-06
1.481169887223724729e-06
3.949786365929933176e-06
1.357739063288414370e-05
4.665685144754733003e-05
2.693260578268472766e-04
7.461393306889513993e-03
1.006963473363134409e-01
3.900475751767776278e-01
3.934068684810010375e-01
1.008405145386698926e-01
7.038272442439269180e-03
1.725562918615639485e-04
2.468616478706208235e-07
0.000000000000000000e+00
0.000000000000000000e+00
0.000000000000000000e+00
0.000000000000000000e+00
0.000000000000000000e+00
0.000000000000000000e+00
0.000000000000000000e+00
