0.000000000000000000e+00
0.000000000000000000e+00
0.000000000000000000e+00
2.468616478706208235e-07
3.702924718059312035e-06
5.677817901024278200e-06
1.530542216797848958e-05
4.344765002522925986e-05
3.547401879900820873e-04
7.922284003463963414e-03
1.010594808203311296e-01
3.897683746530359317e-01
3.911443814782668005e-01
1.020780319794453161e-01
7.437694588693933781e-03
1.646567191297040856e-04
1.974893182964966588e-06
0.000000000000000000e+00
0.000000000000000000e+00
0.000000000000000000e+00
0.000000000000000000e+00
0.000000000000000000e+00
0.000000000000000000e+00
0.000000000000000000e+00
