0.000000000000000000e+00
0.000000000000000000e+00
0.000000000000000000e+00
0.000000000000000000e+00
0.000000000000000000e+00
1.974893182964966588e-06
7.158987788248003352e-06
3.628866223698125820e-05
2.258784078016180168e-04
7.370301358825254341e-03
1.008464392182187863e-01
3.901315081370536619e-01
3.929627643764818101e-01
1.012730161457392197e-01
6.979766231893932103e-03
1.649035807775747038e-04
0.000000000000000000e+00
0.000000000000000000e+00
0.000000000000000000e+00
0.000000000000000000e+00
0.000000000000000000e+00
0.000000000000000000e+00
0.000000000000000000e+00
0.000000000000000000e+00
