0.000000000000000000e+00
0.000000000000000000e+00
0.000000000000000000e+00
0.000000000000000000e+00
0.000000000000000000e+00
0.000000000000000000e+00
1.974893182964966588e-06
9.627604266954210529e-06
2.125478788166044997e-04
7.337715621306332633e-03
1.016521956368684892e-01
3.906296749424565395e-01
3.913161971851847332e-01
1.013621332006205134e-01
7.295502279520456844e-03
1.821838961285181387e-04
2.468616478706208235e-07
0.000000000000000000e+00
0.000000000000000000e+00
0.000000000000000000e+00
0.000000000000000000e+00
0.000000000000000000e+00
0.000000000000000000e+00
0.000000000000000000e+00
