0.000000000000000000e+00
0.000000000000000000e+00
4.937232957412416470e-07
1.728031535094345659e-06
2.468616478706208023e-06
4.443509661671174611e-06
1.357739063288414370e-05
3.653552388485187637e-05
2.885812663607557112e-04
7.514221699533826446e-03
9.993231053615388160e-02
3.913292808525218880e-01
3.926793672047262929e-01
1.008340961358252519e-01
7.233293144257060305e-03
1.291086418363346887e-04
4.937232957412416470e-07
0.000000000000000000e+00
0.000000000000000000e+00
0.000000000000000000e+00
0.000000000000000000e+00
0.000000000000000000e+00
0.000000000000000000e+00
0.000000000000000000e+00
