0.000000000000000000e+00
0.000000000000000000e+00
0.000000000000000000e+00
0.000000000000000000e+00
4.937232957412416470e-07
1.974893182964966588e-06
4.937232957412416047e-06
2.123010171687339019e-05
2.310625024069010798e-04
7.536192386194311491e-03
1.025880481439460090e-01
3.885197484381063271e-01
3.919054559386518921e-01
1.014759364202888620e-01
7.515209146125309027e-03
1.992173498315909827e-04
4.937232957412416470e-07
0.000000000000000000e+00
0.000000000000000000e+00
0.000000000000000000e+00
0.000000000000000000e+00
0.000000000000000000e+00
0.000000000000000000e+00
0.000000000000000000e+00
