0.000000000000000000e+00
0.000000000000000000e+00
0.000000000000000000e+00
7.405849436118623647e-07
1.728031535094345659e-06
4.196648013800553894e-06
9.627604266954210529e-06
3.480749234975753559e-05
2.816691402203783481e-04
7.797125147993557749e-03
1.014813673765420227e-01
3.901631064279810768e-01
3.907212606138165678e-01
1.020121199194638506e-01
7.314757488054365007e-03
1.757654932838820119e-04
1.728031535094345659e-06
0.000000000000000000e+00
0.000000000000000000e+00
0.000000000000000000e+00
0.000000000000000000e+00
0.000000000000000000e+00
0.000000000000000000e+00
0.000000000000000000e+00
