0.000000000000000000e+00
1.728031535094345659e-06
1.974893182964966588e-06
3.702924718059312035e-06
4.937232957412416047e-06
5.677817901024278200e-06
1.061505085843669509e-05
1.777403864668469845e-05
2.831503101076020571e-04
7.418439380160025617e-03
1.004610881858927496e-01
3.904398383352440383e-01
3.932965213244028480e-01
1.010096147674612588e-01
6.889661730421155900e-03
1.505856052010786869e-04
4.690371309541795329e-06
0.000000000000000000e+00
0.000000000000000000e+00
0.000000000000000000e+00
0.000000000000000000e+00
0.000000000000000000e+00
0.000000000000000000e+00
0.000000000000000000e+00
