0.000000000000000000e+00
0.000000000000000000e+00
0.000000000000000000e+00
9.874465914824832940e-07
3.702924718059312035e-06
5.677817901024278200e-06
8.640157675471727658e-06
2.962339774447449628e-05
2.977151473319686651e-04
7.558409934502667397e-03
1.003579000170828212e-01
3.906422648864979474e-01
3.935942364717348596e-01
1.005279876924656812e-01
6.844732910508703229e-03
1.278743335969815707e-04
2.468616478706208235e-07
0.000000000000000000e+00
0.000000000000000000e+00
0.000000000000000000e+00
0.000000000000000000e+00
0.000000000000000000e+00
0.000000000000000000e+00
0.000000000000000000e+00
