0.000000000000000000e+00
0.000000000000000000e+00
0.000000000000000000e+00
4.937232957412416470e-07
1.728031535094345659e-06
2.468616478706208023e-06
1.012132756269545196e-05
3.579493894124001507e-05
2.184725583654994173e-04
6.948167940966492977e-03
1.004415861157109680e-01
3.929541242188063221e-01
3.913890213713066002e-01
1.006185859172342018e-01
7.201941714977491173e-03
1.774935248189763663e-04
0.000000000000000000e+00
0.000000000000000000e+00
0.000000000000000000e+00
0.000000000000000000e+00
0.000000000000000000e+00
0.000000000000000000e+00
0.000000000000000000e+00
0.000000000000000000e+00
