0.000000000000000000e+00
0.000000000000000000e+00
2.468616478706208235e-07
1.481169887223724729e-06
4.937232957412416047e-06
7.899572731859866352e-06
1.802090029455531662e-05
3.283259916679256307e-05
2.547612206024806687e-04
7.498422554070106882e-03
1.010271419444600804e-01
3.902139599274423998e-01
3.912095529533046179e-01
1.022461447616452024e-01
7.331050356813825428e-03
1.535479449755261321e-04
0.000000000000000000e+00
0.000000000000000000e+00
0.000000000000000000e+00
0.000000000000000000e+00
0.000000000000000000e+00
0.000000000000000000e+00
0.000000000000000000e+00
0.000000000000000000e+00
