0.000000000000000000e+00
0.000000000000000000e+00
0.000000000000000000e+00
0.000000000000000000e+00
0.000000000000000000e+00
0.000000000000000000e+00
5.924679548894898917e-06
1.900834688603780288e-05
2.295813325196773436e-04
7.434485387271616043e-03
1.011609409576059576e-01
3.909597289656595587e-01
3.908143274550637813e-01
1.019990362521267097e-01
7.184414537978677309e-03
1.918115003954723560e-04
7.405849436118623647e-07
0.000000000000000000e+00
0.000000000000000000e+00
0.000000000000000000e+00
0.000000000000000000e+00
0.000000000000000000e+00
0.000000000000000000e+00
0.000000000000000000e+00
