0.000000000000000000e+00
0.000000000000000000e+00
0.000000000000000000e+00
0.000000000000000000e+00
0.000000000000000000e+00
1.728031535094345659e-06
5.184094605283036764e-06
1.604600711159035088e-05
2.685854728832354492e-04
7.549769776827195897e-03
9.978839019544530342e-02
3.915013434210877219e-01
3.922409409181080719e-01
1.013631206472119933e-01
7.109862320321749807e-03
1.542885299191379866e-04
7.405849436118623647e-07
0.000000000000000000e+00
0.000000000000000000e+00
0.000000000000000000e+00
0.000000000000000000e+00
0.000000000000000000e+00
0.000000000000000000e+00
0.000000000000000000e+00
