0.000000000000000000e+00
0.000000000000000000e+00
0.000000000000000000e+00
4.937232957412416470e-07
2.221754830835587306e-06
3.456063070188691317e-06
1.012132756269545196e-05
3.110456763169822228e-05
2.651294098130467405e-04
7.358698861375335097e-03
1.007820083281245477e-01
3.901611315347980891e-01
3.930982914211627599e-01
1.010343009322483276e-01
7.079992060929404113e-03
1.715688452700814487e-04
1.481169887223724729e-06
0.000000000000000000e+00
0.000000000000000000e+00
0.000000000000000000e+00
0.000000000000000000e+00
0.000000000000000000e+00
0.000000000000000000e+00
0.000000000000000000e+00
