0.000000000000000000e+00
0.000000000000000000e+00
0.000000000000000000e+00
0.000000000000000000e+00
0.000000000000000000e+00
1.234308239353104012e-06
4.690371309541795329e-06
2.098324006900276862e-05
2.520457424759038416e-04
7.117021308109997869e-03
1.005356404035496753e-01
3.921792255061404275e-01
3.916808118390896487e-01
1.009478993554936144e-01
7.114552691631290983e-03
1.449077873000544146e-04
9.874465914824832940e-07
0.000000000000000000e+00
0.000000000000000000e+00
0.000000000000000000e+00
0.000000000000000000e+00
0.000000000000000000e+00
0.000000000000000000e+00
0.000000000000000000e+00
