0.000000000000000000e+00
0.000000000000000000e+00
0.000000000000000000e+00
0.000000000000000000e+00
0.000000000000000000e+00
1.481169887223724729e-06
3.702924718059312035e-06
1.036818921056607353e-05
2.147696336474400904e-04
7.413995870498354436e-03
1.010162800319537729e-01
3.909710846014616270e-01
3.920777653688656272e-01
1.009661671174360426e-01
7.162937574613933121e-03
1.614475177073859951e-04
0.000000000000000000e+00
0.000000000000000000e+00
0.000000000000000000e+00
0.000000000000000000e+00
0.000000000000000000e+00
0.000000000000000000e+00
0.000000000000000000e+00
0.000000000000000000e+00
