0.000000000000000000e+00
0.000000000000000000e+00
0.000000000000000000e+00
0.000000000000000000e+00
0.000000000000000000e+00
0.000000000000000000e+00
2.468616478706208235e-07
7.652711083989244788e-06
2.041545827890034004e-04
7.299945789182128025e-03
1.009192634043406117e-01
3.901250897342090074e-01
3.934977135674174176e-01
1.006909163800602941e-01
7.096038068040994538e-03
1.567571463978441955e-04
2.221754830835587306e-06
0.000000000000000000e+00
0.000000000000000000e+00
0.000000000000000000e+00
0.000000000000000000e+00
0.000000000000000000e+00
0.000000000000000000e+00
0.000000000000000000e+00
