2.468616478706208023e-06
1.234308239353104012e-06
1.974893182964966588e-06
7.405849436118623647e-07
4.937232957412416047e-06
1.308366733714290227e-05
2.641419632215642610e-05
7.899572731859865675e-05
4.233677260981146451e-04
7.717141974083476484e-03
1.012744973156264466e-01
3.899352531269965061e-01
3.906242439862033788e-01
1.022918141665012659e-01
7.415970763681319598e-03
1.819370344806475206e-04
4.937232957412416470e-07
0.000000000000000000e+00
0.000000000000000000e+00
0.000000000000000000e+00
0.000000000000000000e+00
0.000000000000000000e+00
0.000000000000000000e+00
0.000000000000000000e+00
