0.000000000000000000e+00
0.000000000000000000e+00
0.000000000000000000e+00
0.000000000000000000e+00
2.468616478706208235e-07
4.690371309541795329e-06
1.456483722436662658e-05
4.295392672948801673e-05
2.762381839672246940e-04
7.559891104389891703e-03
1.013957063847309159e-01
3.903951563769794686e-01
3.912841051709615714e-01
1.017279821627647685e-01
7.148619599037436996e-03
1.476232654266312417e-04
2.221754830835587306e-06
0.000000000000000000e+00
0.000000000000000000e+00
0.000000000000000000e+00
0.000000000000000000e+00
0.000000000000000000e+00
0.000000000000000000e+00
0.000000000000000000e+00
