0.000000000000000000e+00
0.000000000000000000e+00
0.000000000000000000e+00
0.000000000000000000e+00
0.000000000000000000e+00
0.000000000000000000e+00
3.209201422318070176e-06
2.024265512539090393e-05
2.145227719995694722e-04
7.158247203304391078e-03
1.011471167053251963e-01
3.897597344953604992e-01
3.945584780683174531e-01
1.001843562786297742e-01
6.784498668428270984e-03
1.688533671435046217e-04
7.405849436118623647e-07
0.000000000000000000e+00
0.000000000000000000e+00
0.000000000000000000e+00
0.000000000000000000e+00
0.000000000000000000e+00
0.000000000000000000e+00
0.000000000000000000e+00
