0.000000000000000000e+00
0.000000000000000000e+00
0.000000000000000000e+00
0.000000000000000000e+00
0.000000000000000000e+00
1.234308239353104012e-06
4.196648013800553894e-06
1.283680568927228071e-05
2.206943131963349809e-04
7.332531526701049733e-03
1.008437237400922060e-01
3.912179462493322601e-01
3.928385929676028732e-01
1.002036114871636824e-01
7.189598632583960210e-03
1.337990131458764611e-04
1.234308239353104012e-06
0.000000000000000000e+00
0.000000000000000000e+00
0.000000000000000000e+00
0.000000000000000000e+00
0.000000000000000000e+00
0.000000000000000000e+00
0.000000000000000000e+00
