7.405849436118623647e-07
1.481169887223724729e-06
2.221754830835587306e-06
3.456063070188691317e-06
7.158987788248003352e-06
1.728031535094345532e-05
3.925100201142871020e-05
7.578652589628057980e-05
4.073217189865243281e-04
7.840079074723045258e-03
1.016630575493747968e-01
3.878352010885611212e-01
3.919254517321294484e-01
1.025868138357066556e-01
7.441397513411993243e-03
1.498450202574668324e-04
1.728031535094345659e-06
0.000000000000000000e+00
0.000000000000000000e+00
0.000000000000000000e+00
0.000000000000000000e+00
0.000000000000000000e+00
0.000000000000000000e+00
0.000000000000000000e+00
