0.000000000000000000e+00
0.000000000000000000e+00
1.234308239353104012e-06
1.234308239353104012e-06
4.196648013800553894e-06
5.430956253153657482e-06
9.874465914824832093e-06
2.666105797002704767e-05
2.579704220247987321e-04
7.435472833863098624e-03
1.002882850323833092e-01
3.911628961018571160e-01
3.930417601038003750e-01
1.007718870005618605e-01
6.814122066172745816e-03
1.789746947062000753e-04
0.000000000000000000e+00
0.000000000000000000e+00
0.000000000000000000e+00
0.000000000000000000e+00
0.000000000000000000e+00
0.000000000000000000e+00
0.000000000000000000e+00
0.000000000000000000e+00
