0.000000000000000000e+00
0.000000000000000000e+00
0.000000000000000000e+00
0.000000000000000000e+00
2.468616478706208235e-07
3.456063070188691317e-06
9.380742619083590658e-06
2.468616478706207854e-05
2.392089367866315609e-04
7.406343159414365517e-03
1.008136066190519903e-01
3.911157455271138117e-01
3.920740624441475530e-01
1.009375311662830399e-01
7.222184370102881917e-03
1.505856052010786869e-04
2.962339774447449459e-06
0.000000000000000000e+00
0.000000000000000000e+00
0.000000000000000000e+00
0.000000000000000000e+00
0.000000000000000000e+00
0.000000000000000000e+00
0.000000000000000000e+00
