1.728031535094345659e-06
1.974893182964966588e-06
1.234308239353104012e-06
9.874465914824832940e-07
3.209201422318070176e-06
3.949786365929933176e-06
6.665264492506761917e-06
2.616733467428580454e-05
2.680917495874942129e-04
7.384866196049621329e-03
1.018215427273077428e-01
3.906425117481458487e-01
3.896634584526909584e-01
1.026361861652807794e-01
7.374004283543313804e-03
1.572508696935854590e-04
7.405849436118623647e-07
0.000000000000000000e+00
0.000000000000000000e+00
0.000000000000000000e+00
0.000000000000000000e+00
0.000000000000000000e+00
0.000000000000000000e+00
0.000000000000000000e+00
