1.481169887223724729e-06
2.962339774447449459e-06
5.184094605283036764e-06
3.949786365929933176e-06
9.874465914824832093e-06
1.135563580204855640e-05
2.814222785725077028e-05
6.344344350274954900e-05
3.826355541994622394e-04
7.755158667855551954e-03
1.014586561049379276e-01
3.895775505992319365e-01
3.901798930200363058e-01
1.030242526757333965e-01
7.335247004827626614e-03
1.552759765106204864e-04
3.456063070188691317e-06
0.000000000000000000e+00
0.000000000000000000e+00
0.000000000000000000e+00
0.000000000000000000e+00
0.000000000000000000e+00
0.000000000000000000e+00
0.000000000000000000e+00
