0.000000000000000000e+00
0.000000000000000000e+00
0.000000000000000000e+00
0.000000000000000000e+00
0.000000000000000000e+00
4.937232957412416470e-07
2.715478126576828741e-06
6.171541196765519635e-06
1.757654932838820119e-04
7.129611252151399695e-03
1.005519332723091297e-01
3.912149839095577786e-01
3.933656425858066408e-01
1.004475107952598617e-01
6.946439909431398677e-03
1.567571463978441955e-04
1.974893182964966588e-06
0.000000000000000000e+00
0.000000000000000000e+00
0.000000000000000000e+00
0.000000000000000000e+00
0.000000000000000000e+00
0.000000000000000000e+00
0.000000000000000000e+00
