0.000000000000000000e+00
2.468616478706208235e-07
1.728031535094345659e-06
1.481169887223724729e-06
1.728031535094345659e-06
4.196648013800553894e-06
6.418402844636140353e-06
2.641419632215642610e-05
2.510582958844213689e-04
7.735903459321643791e-03
1.020511240598274139e-01
3.898930397852106156e-01
3.903561522366159053e-01
1.019745969489875281e-01
7.518912070843368489e-03
1.769998015232351028e-04
0.000000000000000000e+00
0.000000000000000000e+00
0.000000000000000000e+00
0.000000000000000000e+00
0.000000000000000000e+00
0.000000000000000000e+00
0.000000000000000000e+00
0.000000000000000000e+00
