0.000000000000000000e+00
0.000000000000000000e+00
0.000000000000000000e+00
0.000000000000000000e+00
0.000000000000000000e+00
1.234308239353104012e-06
1.061505085843669509e-05
2.369871819557959567e-05
2.182256967176287720e-04
7.252548352790968468e-03
1.014078026054765769e-01
3.909399800338299036e-01
3.915494814424224645e-01
1.009365437196915599e-01
7.471020911156468075e-03
1.839119276636124931e-04
4.690371309541795329e-06
2.468616478706208235e-07
0.000000000000000000e+00
0.000000000000000000e+00
0.000000000000000000e+00
0.000000000000000000e+00
0.000000000000000000e+00
0.000000000000000000e+00
