0.000000000000000000e+00
1.234308239353104012e-06
1.234308239353104012e-06
3.456063070188691317e-06
8.393296027601107788e-06
1.357739063288414370e-05
2.863595115299201341e-05
6.665264492506761240e-05
3.838698624388153574e-04
7.832179501991186343e-03
1.005768662987440720e-01
3.894447390326775671e-01
3.927615721334672405e-01
1.015983797976326986e-01
7.128870667207787108e-03
1.500918819053374505e-04
2.468616478706208235e-07
0.000000000000000000e+00
0.000000000000000000e+00
0.000000000000000000e+00
0.000000000000000000e+00
0.000000000000000000e+00
0.000000000000000000e+00
0.000000000000000000e+00
