0.000000000000000000e+00
0.000000000000000000e+00
4.937232957412416470e-07
1.234308239353104012e-06
3.209201422318070176e-06
5.184094605283036764e-06
1.036818921056607353e-05
3.110456763169822228e-05
2.811754169246371117e-04
7.407330606005847230e-03
1.016665136124449836e-01
3.904692148713406197e-01
3.906738631774254178e-01
1.019563291870450999e-01
7.360180031262559402e-03
1.325647049065233703e-04
1.234308239353104012e-06
0.000000000000000000e+00
0.000000000000000000e+00
0.000000000000000000e+00
0.000000000000000000e+00
0.000000000000000000e+00
0.000000000000000000e+00
0.000000000000000000e+00
