0.000000000000000000e+00
0.000000000000000000e+00
0.000000000000000000e+00
0.000000000000000000e+00
7.405849436118623647e-07
2.715478126576828741e-06
6.418402844636140353e-06
2.172382501261462993e-05
2.653762714609173316e-04
7.257979309044122231e-03
1.005405776365070891e-01
3.906198004765417120e-01
3.932945464312199157e-01
1.007084435570591019e-01
7.145163535967248396e-03
1.345395980894883428e-04
1.974893182964966588e-06
0.000000000000000000e+00
0.000000000000000000e+00
0.000000000000000000e+00
0.000000000000000000e+00
0.000000000000000000e+00
0.000000000000000000e+00
0.000000000000000000e+00
