0.000000000000000000e+00
0.000000000000000000e+00
0.000000000000000000e+00
1.234308239353104012e-06
1.234308239353104012e-06
4.690371309541795329e-06
1.036818921056607353e-05
3.999158695504057150e-05
2.789536620938015210e-04
7.465589954903314313e-03
1.013584302759024530e-01
3.896688894089441191e-01
3.922066271490540768e-01
1.017662457181847113e-01
7.028644838172315099e-03
1.673721972562809126e-04
1.728031535094345659e-06
0.000000000000000000e+00
0.000000000000000000e+00
0.000000000000000000e+00
0.000000000000000000e+00
0.000000000000000000e+00
0.000000000000000000e+00
0.000000000000000000e+00
