0.000000000000000000e+00
0.000000000000000000e+00
7.405849436118623647e-07
2.962339774447449459e-06
6.418402844636140353e-06
1.036818921056607353e-05
1.999579347752028575e-05
5.430956253153657482e-05
3.367192876955267707e-04
7.516937177660403327e-03
1.016588609013610034e-01
3.897614625268955857e-01
3.915714521290829531e-01
1.015813463439296238e-01
7.289083876675820500e-03
1.893428839167661472e-04
0.000000000000000000e+00
0.000000000000000000e+00
0.000000000000000000e+00
0.000000000000000000e+00
0.000000000000000000e+00
0.000000000000000000e+00
0.000000000000000000e+00
0.000000000000000000e+00
