0.000000000000000000e+00
0.000000000000000000e+00
0.000000000000000000e+00
0.000000000000000000e+00
0.000000000000000000e+00
0.000000000000000000e+00
2.221754830835587306e-06
1.505856052010786801e-05
2.110667089293807907e-04
7.319694721011777046e-03
1.005005860495520459e-01
3.912507788484990146e-01
3.933913161971852035e-01
1.001962056377275756e-01
6.943477569656950933e-03
1.686065054956340035e-04
9.874465914824832940e-07
0.000000000000000000e+00
0.000000000000000000e+00
0.000000000000000000e+00
0.000000000000000000e+00
0.000000000000000000e+00
0.000000000000000000e+00
0.000000000000000000e+00
