0.000000000000000000e+00
0.000000000000000000e+00
0.000000000000000000e+00
1.234308239353104012e-06
6.418402844636140353e-06
1.160249744991917796e-05
2.567361137854456141e-05
7.356477106544500265e-05
3.868322022132627755e-04
7.789719298557439692e-03
1.014964259370621236e-01
3.896269229288060743e-01
3.908503692556528630e-01
1.021316009570332334e-01
7.400912203161211754e-03
1.974893182964966283e-04
1.234308239353104012e-06
0.000000000000000000e+00
0.000000000000000000e+00
0.000000000000000000e+00
0.000000000000000000e+00
0.000000000000000000e+00
0.000000000000000000e+00
0.000000000000000000e+00
