0.000000000000000000e+00
0.000000000000000000e+00
0.000000000000000000e+00
0.000000000000000000e+00
2.468616478706208023e-06
4.690371309541795329e-06
1.234308239353103927e-05
2.172382501261462993e-05
2.155102185910519449e-04
7.157259756712908497e-03
1.003021092846640705e-01
3.919150835429188739e-01
3.927818147885926425e-01
1.005645232163505376e-01
6.849670143466115267e-03
1.723094302136933304e-04
4.937232957412416470e-07
0.000000000000000000e+00
0.000000000000000000e+00
0.000000000000000000e+00
0.000000000000000000e+00
0.000000000000000000e+00
0.000000000000000000e+00
0.000000000000000000e+00
