4.937232957412416470e-07
7.405849436118623647e-07
3.456063070188691317e-06
4.690371309541795329e-06
5.430956253153657482e-06
7.652711083989244788e-06
1.703345370307283375e-05
3.135142927956884046e-05
2.678448879396235676e-04
7.781572864177709048e-03
1.014700117407399682e-01
3.895291657162493482e-01
3.913366867019579809e-01
1.017672331647762052e-01
7.568284400417492341e-03
2.016859663102971915e-04
1.974893182964966588e-06
0.000000000000000000e+00
0.000000000000000000e+00
0.000000000000000000e+00
0.000000000000000000e+00
0.000000000000000000e+00
0.000000000000000000e+00
0.000000000000000000e+00
