0.000000000000000000e+00
0.000000000000000000e+00
0.000000000000000000e+00
0.000000000000000000e+00
0.000000000000000000e+00
2.468616478706208235e-07
2.715478126576828741e-06
4.196648013800553894e-06
2.078575075070627002e-04
7.322657060786224789e-03
1.011523007999304835e-01
3.913858121698842729e-01
3.910209506543314562e-01
1.014909949808089767e-01
7.230577666130483423e-03
1.779872481147176026e-04
3.702924718059312035e-06
0.000000000000000000e+00
0.000000000000000000e+00
0.000000000000000000e+00
0.000000000000000000e+00
0.000000000000000000e+00
0.000000000000000000e+00
0.000000000000000000e+00
