1.481169887223724729e-06
9.874465914824832940e-07
1.974893182964966588e-06
2.962339774447449459e-06
6.418402844636140353e-06
1.357739063288414370e-05
2.838908950512139185e-05
7.529280260053934344e-05
4.050999641556887374e-04
7.749480849954528197e-03
1.010417067816844483e-01
3.887387147197676196e-01
3.929064799207672709e-01
1.016210910692367936e-01
7.234527452496412880e-03
1.686065054956340035e-04
3.209201422318070176e-06
0.000000000000000000e+00
0.000000000000000000e+00
0.000000000000000000e+00
0.000000000000000000e+00
0.000000000000000000e+00
0.000000000000000000e+00
0.000000000000000000e+00
