0.000000000000000000e+00
7.405849436118623647e-07
1.728031535094345659e-06
1.481169887223724729e-06
1.974893182964966588e-06
2.221754830835587306e-06
8.146434379730486223e-06
3.357318411040443115e-05
2.996900405149336647e-04
7.546066852109136434e-03
1.010350415171919342e-01
3.895207724202217059e-01
3.927168901752026708e-01
1.015544384243117215e-01
7.136523378291776895e-03
1.407111392862538514e-04
0.000000000000000000e+00
0.000000000000000000e+00
0.000000000000000000e+00
0.000000000000000000e+00
0.000000000000000000e+00
0.000000000000000000e+00
0.000000000000000000e+00
0.000000000000000000e+00
