0.000000000000000000e+00
0.000000000000000000e+00
0.000000000000000000e+00
0.000000000000000000e+00
1.481169887223724729e-06
2.221754830835587306e-06
4.690371309541795329e-06
1.505856052010786801e-05
2.757444606714834576e-04
7.614694390217169317e-03
1.024406717401672579e-01
3.897404792868265910e-01
3.895099105077154400e-01
1.030496794254640719e-01
7.184908261274418166e-03
1.565102847499735773e-04
3.949786365929933176e-06
0.000000000000000000e+00
0.000000000000000000e+00
0.000000000000000000e+00
0.000000000000000000e+00
0.000000000000000000e+00
0.000000000000000000e+00
0.000000000000000000e+00
