1.728031535094345659e-06
1.234308239353104012e-06
1.234308239353104012e-06
2.715478126576828741e-06
2.221754830835587306e-06
5.677817901024278200e-06
1.110877415417793653e-05
3.604180058911063324e-05
2.421712765610790062e-04
7.535451801250699772e-03
1.015206183785534455e-01
3.901487884524045824e-01
3.915926822307998489e-01
1.014655682310783014e-01
7.294514832928974263e-03
1.318241199629115157e-04
2.962339774447449459e-06
0.000000000000000000e+00
0.000000000000000000e+00
0.000000000000000000e+00
0.000000000000000000e+00
0.000000000000000000e+00
0.000000000000000000e+00
0.000000000000000000e+00
