0.000000000000000000e+00
0.000000000000000000e+00
0.000000000000000000e+00
0.000000000000000000e+00
0.000000000000000000e+00
0.000000000000000000e+00
3.949786365929933176e-06
1.653973040733159401e-05
2.540206356588687871e-04
7.109368597026008083e-03
1.008155815122349502e-01
3.913929711576725201e-01
3.925058234662732737e-01
1.007272050422972770e-01
7.015067447539431560e-03
1.565102847499735773e-04
2.962339774447449459e-06
0.000000000000000000e+00
0.000000000000000000e+00
0.000000000000000000e+00
0.000000000000000000e+00
0.000000000000000000e+00
0.000000000000000000e+00
0.000000000000000000e+00
