0.000000000000000000e+00
0.000000000000000000e+00
1.728031535094345659e-06
1.234308239353104012e-06
2.468616478706208023e-06
2.962339774447449459e-06
6.665264492506761917e-06
1.258994404140166083e-05
2.078575075070627002e-04
7.368820188938030903e-03
1.011725434550558717e-01
3.893664838903025949e-01
3.935902866853688842e-01
1.011555100013527969e-01
6.960017300064283083e-03
1.505856052010786869e-04
2.468616478706208235e-07
0.000000000000000000e+00
0.000000000000000000e+00
0.000000000000000000e+00
0.000000000000000000e+00
0.000000000000000000e+00
0.000000000000000000e+00
0.000000000000000000e+00
