0.000000000000000000e+00
0.000000000000000000e+00
0.000000000000000000e+00
0.000000000000000000e+00
0.000000000000000000e+00
1.234308239353104012e-06
8.887019323342349223e-06
3.925100201142871020e-05
2.824097251639901755e-04
7.697886765549568321e-03
1.010441753981631552e-01
3.902549389609889507e-01
3.909928084264742143e-01
1.021478938257927016e-01
7.358698861375335097e-03
1.708282603264695942e-04
9.874465914824832940e-07
0.000000000000000000e+00
0.000000000000000000e+00
0.000000000000000000e+00
0.000000000000000000e+00
0.000000000000000000e+00
0.000000000000000000e+00
0.000000000000000000e+00
