3.209201422318070176e-06
5.924679548894898917e-06
2.221754830835587306e-06
5.677817901024278200e-06
5.677817901024278200e-06
9.627604266954210529e-06
1.308366733714290227e-05
3.530121564549877194e-05
3.201795572881951631e-04
7.819095834654043661e-03
1.020526052297146408e-01
3.890421076850005822e-01
3.907042271601134931e-01
1.022212117352102739e-01
7.510271913167896121e-03
2.184725583654994173e-04
1.555228381584911114e-05
1.974893182964966588e-06
0.000000000000000000e+00
0.000000000000000000e+00
0.000000000000000000e+00
0.000000000000000000e+00
0.000000000000000000e+00
0.000000000000000000e+00
