0.000000000000000000e+00
0.000000000000000000e+00
0.000000000000000000e+00
0.000000000000000000e+00
2.962339774447449459e-06
3.456063070188691317e-06
1.086191250630731496e-05
4.492881991245298247e-05
2.601921768556343228e-04
7.310560840040564688e-03
1.011888363238153399e-01
3.905595662344613084e-01
3.922584680951068936e-01
1.009985059933070917e-01
7.202435438273232030e-03
1.592257628765504044e-04
0.000000000000000000e+00
0.000000000000000000e+00
0.000000000000000000e+00
0.000000000000000000e+00
0.000000000000000000e+00
0.000000000000000000e+00
0.000000000000000000e+00
0.000000000000000000e+00
