0.000000000000000000e+00
7.405849436118623647e-07
1.481169887223724729e-06
4.443509661671174611e-06
7.652711083989244788e-06
1.900834688603780288e-05
3.579493894124001507e-05
7.060243129099754388e-05
3.527652948071171419e-04
8.160505493659112042e-03
1.015648066135222960e-01
3.894163499431724240e-01
3.896390191495517352e-01
1.028739139321801915e-01
7.670238260988058651e-03
1.826776194242594022e-04
0.000000000000000000e+00
0.000000000000000000e+00
0.000000000000000000e+00
0.000000000000000000e+00
0.000000000000000000e+00
0.000000000000000000e+00
0.000000000000000000e+00
0.000000000000000000e+00
