0.000000000000000000e+00
0.000000000000000000e+00
0.000000000000000000e+00
0.000000000000000000e+00
1.974893182964966588e-06
2.715478126576828741e-06
8.393296027601107788e-06
3.332632246253380620e-05
2.742632907842596944e-04
7.496941384182882577e-03
1.008958115477929102e-01
3.904988382690851023e-01
3.913026197945518869e-01
1.020313751279977588e-01
7.292046216450267376e-03
1.599663478201622860e-04
1.728031535094345659e-06
0.000000000000000000e+00
0.000000000000000000e+00
0.000000000000000000e+00
0.000000000000000000e+00
0.000000000000000000e+00
0.000000000000000000e+00
0.000000000000000000e+00
