0.000000000000000000e+00
0.000000000000000000e+00
0.000000000000000000e+00
0.000000000000000000e+00
7.405849436118623647e-07
6.665264492506761917e-06
7.405849436118624070e-06
1.999579347752028575e-05
2.485896794057151330e-04
7.359933169614688540e-03
1.002063269652902627e-01
3.917254937973542184e-01
3.921093636597930421e-01
1.012335182820799234e-01
6.930393902319808251e-03
1.498450202574668324e-04
1.728031535094345659e-06
0.000000000000000000e+00
0.000000000000000000e+00
0.000000000000000000e+00
0.000000000000000000e+00
0.000000000000000000e+00
0.000000000000000000e+00
0.000000000000000000e+00
