0.000000000000000000e+00
0.000000000000000000e+00
0.000000000000000000e+00
0.000000000000000000e+00
1.234308239353104012e-06
6.418402844636140353e-06
9.380742619083590658e-06
2.542674973067394323e-05
2.476022328142326603e-04
7.188364324344606766e-03
1.008585354389644473e-01
3.907101518396623452e-01
3.927205930999206895e-01
1.009503679719723213e-01
7.111343490208973245e-03
1.691002287913752399e-04
1.481169887223724729e-06
0.000000000000000000e+00
0.000000000000000000e+00
0.000000000000000000e+00
0.000000000000000000e+00
0.000000000000000000e+00
0.000000000000000000e+00
0.000000000000000000e+00
