0.000000000000000000e+00
0.000000000000000000e+00
0.000000000000000000e+00
0.000000000000000000e+00
1.481169887223724729e-06
2.221754830835587306e-06
2.715478126576828741e-06
7.652711083989244788e-06
2.011922430145559552e-04
7.350058703699863596e-03
1.018022875187738346e-01
3.897846675217954138e-01
3.918355940923045067e-01
1.016591077630088630e-01
7.163925021205415702e-03
1.888491606210249108e-04
2.468616478706208235e-07
0.000000000000000000e+00
0.000000000000000000e+00
0.000000000000000000e+00
0.000000000000000000e+00
0.000000000000000000e+00
0.000000000000000000e+00
0.000000000000000000e+00
