0.000000000000000000e+00
0.000000000000000000e+00
0.000000000000000000e+00
0.000000000000000000e+00
4.937232957412416470e-07
2.468616478706208023e-06
5.924679548894898917e-06
1.802090029455531662e-05
2.508114342365507237e-04
7.356723968192370802e-03
1.006701800016391590e-01
3.920955394075122946e-01
3.908019843726702192e-01
1.015645597518744225e-01
7.083201262351722718e-03
1.491044353138549507e-04
9.874465914824832940e-07
0.000000000000000000e+00
0.000000000000000000e+00
0.000000000000000000e+00
0.000000000000000000e+00
0.000000000000000000e+00
0.000000000000000000e+00
0.000000000000000000e+00
