9.874465914824832940e-07
1.234308239353104012e-06
1.481169887223724729e-06
1.481169887223724729e-06
3.949786365929933176e-06
1.234308239353103927e-05
2.098324006900276862e-05
4.640998979967671186e-05
3.695518868623193405e-04
7.924505758294798571e-03
1.005897031044333395e-01
3.900088178980619658e-01
3.917489456539019477e-01
1.017114424323574406e-01
7.385359919345362185e-03
1.693470904392458580e-04
3.456063070188691317e-06
0.000000000000000000e+00
0.000000000000000000e+00
0.000000000000000000e+00
0.000000000000000000e+00
0.000000000000000000e+00
0.000000000000000000e+00
0.000000000000000000e+00
