0.000000000000000000e+00
0.000000000000000000e+00
1.481169887223724729e-06
3.949786365929933176e-06
4.690371309541795329e-06
1.012132756269545196e-05
1.950207018177904262e-05
5.060663781347726151e-05
3.300540232030199986e-04
7.825267375850809143e-03
1.017455093397635901e-01
3.893911700550896637e-01
3.902556795459325434e-01
1.029511816279636977e-01
7.277481379225901256e-03
1.300960884278171614e-04
3.209201422318070176e-06
0.000000000000000000e+00
0.000000000000000000e+00
0.000000000000000000e+00
0.000000000000000000e+00
0.000000000000000000e+00
0.000000000000000000e+00
0.000000000000000000e+00
