0.000000000000000000e+00
0.000000000000000000e+00
0.000000000000000000e+00
0.000000000000000000e+00
2.715478126576828741e-06
6.418402844636140353e-06
1.629286875946097245e-05
4.838488298264167760e-05
2.875938197692732385e-04
7.734175427786549491e-03
1.015556727325510750e-01
3.896318601617634880e-01
3.905348800696742395e-01
1.027467801835268285e-01
7.277234517578030394e-03
1.535479449755261321e-04
4.443509661671174611e-06
0.000000000000000000e+00
0.000000000000000000e+00
0.000000000000000000e+00
0.000000000000000000e+00
0.000000000000000000e+00
0.000000000000000000e+00
0.000000000000000000e+00
