0.000000000000000000e+00
0.000000000000000000e+00
7.405849436118623647e-07
1.481169887223724729e-06
2.221754830835587306e-06
5.677817901024278200e-06
2.345185654770897410e-05
5.085349946134788647e-05
2.927779143745562473e-04
7.536932971137923210e-03
1.007197991928611563e-01
3.906583108936095283e-01
3.924085599770122390e-01
1.011034221936521066e-01
7.085176155534687881e-03
1.105940182460381222e-04
0.000000000000000000e+00
0.000000000000000000e+00
0.000000000000000000e+00
0.000000000000000000e+00
0.000000000000000000e+00
0.000000000000000000e+00
0.000000000000000000e+00
0.000000000000000000e+00
