0.000000000000000000e+00
0.000000000000000000e+00
0.000000000000000000e+00
2.468616478706208235e-07
2.715478126576828741e-06
5.677817901024278200e-06
9.874465914824832093e-06
2.592047302641518297e-05
2.609327617992462044e-04
7.466824263142666888e-03
1.009765353066466032e-01
3.895508895412619355e-01
3.930274421282238806e-01
1.013428779920866052e-01
7.136523378291776895e-03
1.918115003954723560e-04
1.728031535094345659e-06
0.000000000000000000e+00
0.000000000000000000e+00
0.000000000000000000e+00
0.000000000000000000e+00
0.000000000000000000e+00
0.000000000000000000e+00
0.000000000000000000e+00
