0.000000000000000000e+00
0.000000000000000000e+00
0.000000000000000000e+00
0.000000000000000000e+00
0.000000000000000000e+00
4.196648013800553894e-06
9.133880971212969094e-06
3.283259916679256307e-05
2.878406814171438296e-04
7.469786602917114632e-03
1.006864728703986273e-01
3.909910803949391278e-01
3.923949825863793373e-01
1.008247153932061713e-01
7.138991994770482914e-03
1.565102847499735773e-04
3.456063070188691317e-06
0.000000000000000000e+00
0.000000000000000000e+00
0.000000000000000000e+00
0.000000000000000000e+00
0.000000000000000000e+00
0.000000000000000000e+00
0.000000000000000000e+00
