0.000000000000000000e+00
0.000000000000000000e+00
0.000000000000000000e+00
0.000000000000000000e+00
2.468616478706208235e-07
7.158987788248003352e-06
1.950207018177904262e-05
5.850621054533713125e-05
3.586899743560120323e-04
7.519899517434851070e-03
1.020017517302532900e-01
3.888206727868606660e-01
3.912391763510491005e-01
1.024688139680244997e-01
7.341912269320132953e-03
1.636692725382215858e-04
0.000000000000000000e+00
0.000000000000000000e+00
0.000000000000000000e+00
0.000000000000000000e+00
0.000000000000000000e+00
0.000000000000000000e+00
0.000000000000000000e+00
0.000000000000000000e+00
