0.000000000000000000e+00
4.937232957412416470e-07
1.974893182964966588e-06
3.456063070188691317e-06
5.184094605283036764e-06
7.158987788248003352e-06
1.728031535094345532e-05
3.752297047633436263e-05
3.085770598382759733e-04
7.403133957992046911e-03
1.000680844424827187e-01
3.910436619259355928e-01
3.932209816601544561e-01
1.005867407646588857e-01
7.127389497320563670e-03
1.666316123126690310e-04
1.728031535094345659e-06
0.000000000000000000e+00
0.000000000000000000e+00
0.000000000000000000e+00
0.000000000000000000e+00
0.000000000000000000e+00
0.000000000000000000e+00
0.000000000000000000e+00
