0.000000000000000000e+00
0.000000000000000000e+00
0.000000000000000000e+00
0.000000000000000000e+00
1.728031535094345659e-06
3.209201422318070176e-06
7.899572731859866352e-06
1.999579347752028575e-05
2.550080822503512598e-04
7.356230244896629078e-03
1.016791035564863915e-01
3.905807963361781487e-01
3.905691938387282347e-01
1.021190110129918394e-01
7.261188510466439969e-03
1.466358188351487418e-04
0.000000000000000000e+00
0.000000000000000000e+00
0.000000000000000000e+00
0.000000000000000000e+00
0.000000000000000000e+00
0.000000000000000000e+00
0.000000000000000000e+00
0.000000000000000000e+00
