0.000000000000000000e+00
0.000000000000000000e+00
0.000000000000000000e+00
0.000000000000000000e+00
2.468616478706208235e-07
5.184094605283036764e-06
2.394557984345021723e-05
6.764009151655009865e-05
3.976941147195700837e-04
7.859828006552695145e-03
1.017771076306910188e-01
3.888710325630262421e-01
3.909165281772822298e-01
1.025196674674858505e-01
7.364623540924230584e-03
1.937863935784373286e-04
2.715478126576828741e-06
0.000000000000000000e+00
0.000000000000000000e+00
0.000000000000000000e+00
0.000000000000000000e+00
0.000000000000000000e+00
0.000000000000000000e+00
0.000000000000000000e+00
