0.000000000000000000e+00
0.000000000000000000e+00
2.468616478706208235e-07
2.468616478706208023e-06
4.937232957412416047e-06
7.158987788248003352e-06
1.258994404140166083e-05
2.493302643493270010e-05
2.695729194747179219e-04
7.563594029107950298e-03
1.008400208153741456e-01
3.905333988997869987e-01
3.915368914983810567e-01
1.018847393091626141e-01
7.176268103598946665e-03
1.431797557649600603e-04
0.000000000000000000e+00
0.000000000000000000e+00
0.000000000000000000e+00
0.000000000000000000e+00
0.000000000000000000e+00
0.000000000000000000e+00
0.000000000000000000e+00
0.000000000000000000e+00
