0.000000000000000000e+00
0.000000000000000000e+00
0.000000000000000000e+00
0.000000000000000000e+00
0.000000000000000000e+00
0.000000000000000000e+00
4.443509661671174611e-06
1.061505085843669509e-05
2.347654271249603795e-04
7.470527187860726351e-03
1.012293216340661162e-01
3.897545504007551842e-01
3.932666510650105196e-01
1.010165268936016464e-01
6.882749604280778699e-03
1.291086418363346887e-04
7.405849436118623647e-07
0.000000000000000000e+00
0.000000000000000000e+00
0.000000000000000000e+00
0.000000000000000000e+00
0.000000000000000000e+00
0.000000000000000000e+00
0.000000000000000000e+00
