1.481169887223724729e-06
1.728031535094345659e-06
3.702924718059312035e-06
4.690371309541795329e-06
5.924679548894898917e-06
6.665264492506761917e-06
8.393296027601107788e-06
3.307946081466318802e-05
2.643888248694348589e-04
7.465589954903314313e-03
1.005289751390571612e-01
3.900196798105682316e-01
3.929773292137061502e-01
1.014914887041047237e-01
7.020004680496843598e-03
1.626818259467391131e-04
3.949786365929933176e-06
0.000000000000000000e+00
0.000000000000000000e+00
0.000000000000000000e+00
0.000000000000000000e+00
0.000000000000000000e+00
0.000000000000000000e+00
0.000000000000000000e+00
