0.000000000000000000e+00
0.000000000000000000e+00
0.000000000000000000e+00
0.000000000000000000e+00
4.937232957412416470e-07
4.937232957412416047e-06
1.382425228075476527e-05
3.826355541994622394e-05
2.962339774447449560e-04
7.474476974226656675e-03
1.007953388571095621e-01
3.910216912392751043e-01
3.913771720122087849e-01
1.015499949146500547e-01
7.282171750535443300e-03
1.449077873000544146e-04
4.937232957412416470e-07
0.000000000000000000e+00
0.000000000000000000e+00
0.000000000000000000e+00
0.000000000000000000e+00
0.000000000000000000e+00
0.000000000000000000e+00
0.000000000000000000e+00
