0.000000000000000000e+00
1.481169887223724729e-06
9.874465914824832940e-07
2.221754830835587306e-06
7.405849436118623647e-07
2.962339774447449459e-06
7.158987788248003352e-06
1.678659205520221558e-05
2.611796234471167955e-04
7.329569186926601990e-03
1.009923344521103244e-01
3.906565828620744418e-01
3.921979869913785888e-01
1.012456145028255844e-01
7.155038001882073340e-03
1.288617801884640434e-04
4.937232957412416470e-07
0.000000000000000000e+00
0.000000000000000000e+00
0.000000000000000000e+00
0.000000000000000000e+00
0.000000000000000000e+00
0.000000000000000000e+00
0.000000000000000000e+00
