0.000000000000000000e+00
0.000000000000000000e+00
4.937232957412416470e-07
2.468616478706208023e-06
4.196648013800553894e-06
3.949786365929933176e-06
8.393296027601107788e-06
3.036398268808635759e-05
2.483428177578445419e-04
7.361414339501911978e-03
1.008464392182187863e-01
3.898266340019334031e-01
3.932157975655491966e-01
1.011658781905633714e-01
7.145163535967248396e-03
1.387362461032888789e-04
1.728031535094345659e-06
0.000000000000000000e+00
0.000000000000000000e+00
0.000000000000000000e+00
0.000000000000000000e+00
0.000000000000000000e+00
0.000000000000000000e+00
0.000000000000000000e+00
