0.000000000000000000e+00
0.000000000000000000e+00
0.000000000000000000e+00
9.874465914824832940e-07
1.974893182964966588e-06
5.677817901024278200e-06
1.184935909778979783e-05
4.468195826458236429e-05
2.698197811225885130e-04
7.276493932634418675e-03
1.008143472039956107e-01
3.910439087875834385e-01
3.921624389140852540e-01
1.012670914661903260e-01
6.981987986724768128e-03
1.187404526257686033e-04
0.000000000000000000e+00
0.000000000000000000e+00
0.000000000000000000e+00
0.000000000000000000e+00
0.000000000000000000e+00
0.000000000000000000e+00
0.000000000000000000e+00
0.000000000000000000e+00
