0.000000000000000000e+00
0.000000000000000000e+00
0.000000000000000000e+00
0.000000000000000000e+00
1.481169887223724729e-06
9.133880971212969094e-06
2.073637842113214706e-05
5.208780770070099090e-05
3.409159357093273068e-04
7.709736124647358427e-03
1.008168158204743037e-01
3.907079300848315118e-01
3.913191595249592147e-01
1.013344846960590045e-01
7.532242599828382033e-03
1.550291148627498683e-04
2.468616478706208235e-07
0.000000000000000000e+00
0.000000000000000000e+00
0.000000000000000000e+00
0.000000000000000000e+00
0.000000000000000000e+00
0.000000000000000000e+00
0.000000000000000000e+00
