0.000000000000000000e+00
2.221754830835587306e-06
2.468616478706208023e-06
4.443509661671174611e-06
3.949786365929933176e-06
7.652711083989244788e-06
1.333052898501352383e-05
3.653552388485187637e-05
2.883344047128850660e-04
7.401159064809081749e-03
1.010955226209202390e-01
3.899300690323911911e-01
3.917625230445348494e-01
1.020259441717446119e-01
7.267360051663205450e-03
1.577445929893266953e-04
7.405849436118623647e-07
0.000000000000000000e+00
0.000000000000000000e+00
0.000000000000000000e+00
0.000000000000000000e+00
0.000000000000000000e+00
0.000000000000000000e+00
0.000000000000000000e+00
