0.000000000000000000e+00
0.000000000000000000e+00
0.000000000000000000e+00
0.000000000000000000e+00
0.000000000000000000e+00
0.000000000000000000e+00
2.468616478706208023e-06
1.530542216797848958e-05
1.945269785220491831e-04
7.313029456519270707e-03
1.003825861818698900e-01
3.917321590618467186e-01
3.926606057194881316e-01
1.006106863445023480e-01
6.939280921643150614e-03
1.486107120181137144e-04
7.405849436118623647e-07
0.000000000000000000e+00
0.000000000000000000e+00
0.000000000000000000e+00
0.000000000000000000e+00
0.000000000000000000e+00
0.000000000000000000e+00
0.000000000000000000e+00
