0.000000000000000000e+00
0.000000000000000000e+00
0.000000000000000000e+00
7.405849436118623647e-07
3.209201422318070176e-06
4.937232957412416047e-06
7.899572731859866352e-06
3.184515257531008359e-05
2.705603660662003946e-04
7.355489659953017359e-03
1.014282921222498385e-01
3.901468135592215947e-01
3.920219746364468349e-01
1.014334762168551257e-01
7.134795346756682595e-03
1.597194861722916678e-04
2.468616478706208235e-07
0.000000000000000000e+00
0.000000000000000000e+00
0.000000000000000000e+00
0.000000000000000000e+00
0.000000000000000000e+00
0.000000000000000000e+00
0.000000000000000000e+00
