0.000000000000000000e+00
0.000000000000000000e+00
0.000000000000000000e+00
0.000000000000000000e+00
0.000000000000000000e+00
1.728031535094345659e-06
2.962339774447449459e-06
2.740164291363890897e-05
2.359997353643134704e-04
7.498669415717977745e-03
1.011357610695231557e-01
3.906175787217108786e-01
3.914267912034307684e-01
1.017413126917497829e-01
7.160468958135227102e-03
1.493512969617255960e-04
1.974893182964966588e-06
0.000000000000000000e+00
0.000000000000000000e+00
0.000000000000000000e+00
0.000000000000000000e+00
0.000000000000000000e+00
0.000000000000000000e+00
0.000000000000000000e+00
