0.000000000000000000e+00
0.000000000000000000e+00
0.000000000000000000e+00
0.000000000000000000e+00
0.000000000000000000e+00
1.974893182964966588e-06
2.715478126576828741e-06
1.950207018177904262e-05
2.959871157968743107e-04
7.598401521457708030e-03
1.014895138109217498e-01
3.907479216717865689e-01
3.900989223995346977e-01
1.021308603720896269e-01
7.452753149214041625e-03
1.609537944116447587e-04
4.937232957412416470e-07
0.000000000000000000e+00
0.000000000000000000e+00
0.000000000000000000e+00
0.000000000000000000e+00
0.000000000000000000e+00
0.000000000000000000e+00
0.000000000000000000e+00
