0.000000000000000000e+00
0.000000000000000000e+00
0.000000000000000000e+00
0.000000000000000000e+00
0.000000000000000000e+00
9.874465914824832940e-07
1.481169887223724729e-06
1.308366733714290227e-05
1.804558645934238115e-04
7.277481379225901256e-03
1.003193896000150048e-01
3.918336191991215745e-01
3.916297114779804245e-01
1.016247939939548539e-01
6.974088413992908346e-03
1.449077873000544146e-04
0.000000000000000000e+00
0.000000000000000000e+00
0.000000000000000000e+00
0.000000000000000000e+00
0.000000000000000000e+00
0.000000000000000000e+00
0.000000000000000000e+00
0.000000000000000000e+00
