0.000000000000000000e+00
0.000000000000000000e+00
0.000000000000000000e+00
0.000000000000000000e+00
7.405849436118623647e-07
2.468616478706208023e-06
2.962339774447449459e-06
1.728031535094345532e-05
2.443930313919145969e-04
7.499656862309459458e-03
1.010496063544163020e-01
3.907397752374068278e-01
3.920306147941223229e-01
1.011532882465219635e-01
7.106899980547302063e-03
1.518199134404317778e-04
4.937232957412416470e-07
0.000000000000000000e+00
0.000000000000000000e+00
0.000000000000000000e+00
0.000000000000000000e+00
0.000000000000000000e+00
0.000000000000000000e+00
0.000000000000000000e+00
