0.000000000000000000e+00
0.000000000000000000e+00
0.000000000000000000e+00
0.000000000000000000e+00
4.937232957412416470e-07
2.221754830835587306e-06
2.468616478706208023e-06
1.629286875946097245e-05
2.204474515484643627e-04
7.215519105610375579e-03
1.009182759577491317e-01
3.905608005427006479e-01
3.930222580336186211e-01
1.009155604796225653e-01
6.990628144400239628e-03
1.335521514980058430e-04
1.481169887223724729e-06
0.000000000000000000e+00
0.000000000000000000e+00
0.000000000000000000e+00
0.000000000000000000e+00
0.000000000000000000e+00
0.000000000000000000e+00
0.000000000000000000e+00
