0.000000000000000000e+00
0.000000000000000000e+00
0.000000000000000000e+00
0.000000000000000000e+00
7.405849436118623647e-07
3.209201422318070176e-06
6.665264492506761917e-06
1.505856052010786801e-05
1.984767648879791281e-04
7.025188775102126498e-03
1.000542601902019574e-01
3.924865682577393655e-01
3.926304885984479576e-01
1.004011008054601778e-01
7.024695051806385641e-03
1.510793284968199232e-04
2.468616478706208023e-06
0.000000000000000000e+00
0.000000000000000000e+00
0.000000000000000000e+00
0.000000000000000000e+00
0.000000000000000000e+00
0.000000000000000000e+00
0.000000000000000000e+00
