0.000000000000000000e+00
1.234308239353104012e-06
1.481169887223724729e-06
2.221754830835587306e-06
1.974893182964966588e-06
6.418402844636140353e-06
1.530542216797848958e-05
3.925100201142871020e-05
2.779662155023189941e-04
7.538167279377276653e-03
1.013604051690854130e-01
3.887831498163842880e-01
3.928874715738812640e-01
1.016805847263736184e-01
7.223418678342235361e-03
1.769998015232351028e-04
3.949786365929933176e-06
0.000000000000000000e+00
0.000000000000000000e+00
0.000000000000000000e+00
0.000000000000000000e+00
0.000000000000000000e+00
0.000000000000000000e+00
0.000000000000000000e+00
