9.874465914824832940e-07
9.874465914824832940e-07
2.221754830835587306e-06
1.728031535094345659e-06
9.874465914824832940e-07
5.924679548894898917e-06
1.925520853390842106e-05
5.998738043256085387e-05
3.939911900015107839e-04
7.803296689190323231e-03
1.015176560387790056e-01
3.886579909609139127e-01
3.914383937008806824e-01
1.025038683220221292e-01
7.402146511400564330e-03
1.826776194242594022e-04
3.702924718059312035e-06
0.000000000000000000e+00
0.000000000000000000e+00
0.000000000000000000e+00
0.000000000000000000e+00
0.000000000000000000e+00
0.000000000000000000e+00
0.000000000000000000e+00
