0.000000000000000000e+00
0.000000000000000000e+00
0.000000000000000000e+00
0.000000000000000000e+00
0.000000000000000000e+00
1.234308239353104012e-06
1.728031535094345532e-05
4.937232957412415708e-05
3.663426854400012771e-04
7.790213021853180549e-03
1.016438023408408886e-01
3.889806391346807835e-01
3.908933231823823462e-01
1.025278139018655776e-01
7.555941318023961378e-03
1.720625685658226851e-04
1.974893182964966588e-06
0.000000000000000000e+00
0.000000000000000000e+00
0.000000000000000000e+00
0.000000000000000000e+00
0.000000000000000000e+00
0.000000000000000000e+00
0.000000000000000000e+00
