0.000000000000000000e+00
0.000000000000000000e+00
1.234308239353104012e-06
9.874465914824832940e-07
3.702924718059312035e-06
3.702924718059312035e-06
6.665264492506761917e-06
2.641419632215642610e-05
3.236356203583838718e-04
7.534464354659217190e-03
1.013352252810026111e-01
3.894543666369445489e-01
3.921774974746053410e-01
1.016186224527580867e-01
7.369560773881642622e-03
1.397236926947713787e-04
4.196648013800553894e-06
0.000000000000000000e+00
0.000000000000000000e+00
0.000000000000000000e+00
0.000000000000000000e+00
0.000000000000000000e+00
0.000000000000000000e+00
0.000000000000000000e+00
