0.000000000000000000e+00
0.000000000000000000e+00
0.000000000000000000e+00
0.000000000000000000e+00
0.000000000000000000e+00
2.221754830835587306e-06
2.715478126576828741e-06
1.456483722436662658e-05
2.453804779833970696e-04
7.354502213361534778e-03
1.011041627785957131e-01
3.911606743470262826e-01
3.907926036300511385e-01
1.020086638563936637e-01
7.154791140234202478e-03
1.597194861722916678e-04
0.000000000000000000e+00
0.000000000000000000e+00
0.000000000000000000e+00
0.000000000000000000e+00
0.000000000000000000e+00
0.000000000000000000e+00
0.000000000000000000e+00
0.000000000000000000e+00
