2.962339774447449459e-06
2.221754830835587306e-06
4.937232957412416047e-06
6.912126140377382635e-06
7.899572731859866352e-06
1.604600711159035088e-05
3.332632246253380620e-05
7.356477106544500265e-05
3.665895470878718682e-04
7.951660539560567384e-03
1.021654210027915094e-01
3.882575813680677612e-01
3.902919682081695263e-01
1.030212903359589566e-01
7.595932904979002011e-03
1.974893182964966283e-04
1.234308239353104012e-06
0.000000000000000000e+00
0.000000000000000000e+00
0.000000000000000000e+00
0.000000000000000000e+00
0.000000000000000000e+00
0.000000000000000000e+00
0.000000000000000000e+00
