2.468616478706208235e-07
1.481169887223724729e-06
2.221754830835587306e-06
1.481169887223724729e-06
2.715478126576828741e-06
3.209201422318070176e-06
1.036818921056607353e-05
3.061084433595697915e-05
2.498239876450682509e-04
7.422142304878085080e-03
1.009375311662830399e-01
3.900367132642713064e-01
3.925579112739739918e-01
1.013900285668298956e-01
7.200460545090267735e-03
1.520667750883024230e-04
9.874465914824832940e-07
0.000000000000000000e+00
0.000000000000000000e+00
0.000000000000000000e+00
0.000000000000000000e+00
0.000000000000000000e+00
0.000000000000000000e+00
0.000000000000000000e+00
