0.000000000000000000e+00
0.000000000000000000e+00
0.000000000000000000e+00
2.221754830835587306e-06
3.949786365929933176e-06
7.158987788248003352e-06
1.950207018177904262e-05
4.616312815180608690e-05
3.016649336978986101e-04
7.655920285411562526e-03
1.016983587650202997e-01
3.903652861175871402e-01
3.902092695561328872e-01
1.020516177831231608e-01
7.488301226507411076e-03
1.505856052010786869e-04
0.000000000000000000e+00
0.000000000000000000e+00
0.000000000000000000e+00
0.000000000000000000e+00
0.000000000000000000e+00
0.000000000000000000e+00
0.000000000000000000e+00
0.000000000000000000e+00
