0.000000000000000000e+00
0.000000000000000000e+00
0.000000000000000000e+00
0.000000000000000000e+00
0.000000000000000000e+00
0.000000000000000000e+00
0.000000000000000000e+00
1.357739063288414370e-05
2.293344708718067255e-04
7.039753612326493486e-03
1.011740246249430986e-01
3.910315657051899318e-01
3.920989954705824676e-01
1.012885684295550676e-01
6.982234848372638990e-03
1.402174159905126150e-04
1.728031535094345659e-06
0.000000000000000000e+00
0.000000000000000000e+00
0.000000000000000000e+00
0.000000000000000000e+00
0.000000000000000000e+00
0.000000000000000000e+00
0.000000000000000000e+00
