1.481169887223724729e-06
1.234308239353104012e-06
1.974893182964966588e-06
2.962339774447449459e-06
7.899572731859866352e-06
1.505856052010786801e-05
2.443930313919146036e-05
7.553966424840996162e-05
3.952254982408639019e-04
8.216296226077871370e-03
1.014798862066547958e-01
3.878514939573206033e-01
3.914008707304043599e-01
1.028299725588592284e-01
7.512987391294473002e-03
1.811964495370356660e-04
1.481169887223724729e-06
0.000000000000000000e+00
0.000000000000000000e+00
0.000000000000000000e+00
0.000000000000000000e+00
0.000000000000000000e+00
0.000000000000000000e+00
0.000000000000000000e+00
