0.000000000000000000e+00
0.000000000000000000e+00
7.405849436118623647e-07
1.481169887223724729e-06
9.627604266954210529e-06
1.629286875946097245e-05
2.987025939234511785e-05
6.220913526339644456e-05
2.861126498820495295e-04
7.620372208118193075e-03
1.005983432621088136e-01
3.898641569724097811e-01
3.920856649415974671e-01
1.021108645786120983e-01
7.179971028317006128e-03
1.328115665543939884e-04
1.481169887223724729e-06
0.000000000000000000e+00
0.000000000000000000e+00
0.000000000000000000e+00
0.000000000000000000e+00
0.000000000000000000e+00
0.000000000000000000e+00
0.000000000000000000e+00
