0.000000000000000000e+00
0.000000000000000000e+00
0.000000000000000000e+00
0.000000000000000000e+00
0.000000000000000000e+00
3.949786365929933176e-06
8.887019323342349223e-06
2.493302643493270010e-05
2.567361137854456141e-04
7.519652655786980208e-03
1.011535351081698370e-01
3.905326583148434061e-01
3.910421807560483520e-01
1.019452204128909190e-01
7.330309771870213709e-03
1.797152796498119299e-04
2.221754830835587306e-06
0.000000000000000000e+00
0.000000000000000000e+00
0.000000000000000000e+00
0.000000000000000000e+00
0.000000000000000000e+00
0.000000000000000000e+00
0.000000000000000000e+00
