0.000000000000000000e+00
0.000000000000000000e+00
9.874465914824832940e-07
2.221754830835587306e-06
5.677817901024278200e-06
9.874465914824832093e-06
1.456483722436662658e-05
3.332632246253380620e-05
2.779662155023189941e-04
7.597907798161967173e-03
1.014087900520680569e-01
3.900816420841837773e-01
3.913221218647336408e-01
1.018168523559981886e-01
7.254029522678191906e-03
1.735437384530464212e-04
4.937232957412416470e-07
0.000000000000000000e+00
0.000000000000000000e+00
0.000000000000000000e+00
0.000000000000000000e+00
0.000000000000000000e+00
0.000000000000000000e+00
0.000000000000000000e+00
