0.000000000000000000e+00
0.000000000000000000e+00
0.000000000000000000e+00
9.874465914824832940e-07
1.974893182964966588e-06
1.481169887223724729e-06
9.627604266954210529e-06
3.628866223698125820e-05
2.466147862227501875e-04
7.372029390360348641e-03
1.014951916288227701e-01
3.896474124455793220e-01
3.921022046720047949e-01
1.016504676053334028e-01
7.279456272408866419e-03
1.562634231021029592e-04
0.000000000000000000e+00
0.000000000000000000e+00
0.000000000000000000e+00
0.000000000000000000e+00
0.000000000000000000e+00
0.000000000000000000e+00
0.000000000000000000e+00
0.000000000000000000e+00
