0.000000000000000000e+00
0.000000000000000000e+00
0.000000000000000000e+00
0.000000000000000000e+00
4.937232957412416470e-07
2.715478126576828741e-06
9.627604266954210529e-06
2.912967444873325315e-05
3.135142927956883910e-04
7.573715356670646104e-03
1.012391960999809437e-01
3.903601020229818253e-01
3.911305572259860530e-01
1.020740821930793824e-01
7.074314243028380356e-03
1.898366072125073835e-04
2.715478126576828741e-06
0.000000000000000000e+00
0.000000000000000000e+00
0.000000000000000000e+00
0.000000000000000000e+00
0.000000000000000000e+00
0.000000000000000000e+00
0.000000000000000000e+00
