0.000000000000000000e+00
0.000000000000000000e+00
0.000000000000000000e+00
2.962339774447449459e-06
3.949786365929933176e-06
8.393296027601107788e-06
1.382425228075476527e-05
4.196648013800553724e-05
2.754975990236128124e-04
7.689740331169837677e-03
1.013342378344111311e-01
3.890719779443929105e-01
3.920197528816160015e-01
1.021002495277536642e-01
7.274519039451453513e-03
1.597194861722916678e-04
3.209201422318070176e-06
0.000000000000000000e+00
0.000000000000000000e+00
0.000000000000000000e+00
0.000000000000000000e+00
0.000000000000000000e+00
0.000000000000000000e+00
0.000000000000000000e+00
