0.000000000000000000e+00
0.000000000000000000e+00
9.874465914824832940e-07
5.430956253153657482e-06
6.665264492506761917e-06
7.652711083989244788e-06
1.456483722436662658e-05
3.085770598382759733e-05
2.616733467428580318e-04
7.462380753480995707e-03
1.007568284400417458e-01
3.907832228874320579e-01
3.914339501912190156e-01
1.017692080579591651e-01
7.285134090309890176e-03
1.794684180019413117e-04
1.974893182964966588e-06
0.000000000000000000e+00
0.000000000000000000e+00
0.000000000000000000e+00
0.000000000000000000e+00
0.000000000000000000e+00
0.000000000000000000e+00
0.000000000000000000e+00
