0.000000000000000000e+00
0.000000000000000000e+00
0.000000000000000000e+00
2.221754830835587306e-06
5.430956253153657482e-06
1.258994404140166083e-05
1.876148523816718132e-05
6.714636822080886230e-05
3.614054524825888594e-04
7.669003952748706075e-03
1.006546277178233112e-01
3.901399014330812487e-01
3.919656901807323512e-01
1.018580782511925853e-01
7.091594558379323357e-03
1.508324668489493051e-04
2.715478126576828741e-06
0.000000000000000000e+00
0.000000000000000000e+00
0.000000000000000000e+00
0.000000000000000000e+00
0.000000000000000000e+00
0.000000000000000000e+00
0.000000000000000000e+00
