0.000000000000000000e+00
0.000000000000000000e+00
0.000000000000000000e+00
0.000000000000000000e+00
0.000000000000000000e+00
2.221754830835587306e-06
9.133880971212969094e-06
3.925100201142871020e-05
2.759913223193540487e-04
7.615188113512910174e-03
1.017250198229903285e-01
3.889873043991732837e-01
3.919977821949555130e-01
1.021286386172587934e-01
7.078757752690051537e-03
1.397236926947713787e-04
9.874465914824832940e-07
0.000000000000000000e+00
0.000000000000000000e+00
0.000000000000000000e+00
0.000000000000000000e+00
0.000000000000000000e+00
0.000000000000000000e+00
0.000000000000000000e+00
