0.000000000000000000e+00
0.000000000000000000e+00
0.000000000000000000e+00
0.000000000000000000e+00
0.000000000000000000e+00
0.000000000000000000e+00
4.196648013800553894e-06
1.703345370307283375e-05
2.782130771501896394e-04
7.316238657941588445e-03
1.009590081296477815e-01
3.904235454664845562e-01
3.933881069957628762e-01
1.006590712274849780e-01
6.757343887162503039e-03
1.937863935784373286e-04
3.456063070188691317e-06
0.000000000000000000e+00
0.000000000000000000e+00
0.000000000000000000e+00
0.000000000000000000e+00
0.000000000000000000e+00
0.000000000000000000e+00
0.000000000000000000e+00
