0.000000000000000000e+00
0.000000000000000000e+00
0.000000000000000000e+00
0.000000000000000000e+00
2.468616478706208235e-07
4.443509661671174611e-06
1.555228381584911114e-05
3.875727871568746707e-05
3.019117953457692554e-04
7.524343027096522252e-03
1.012117944570673084e-01
3.905336457614348999e-01
3.906689259444680040e-01
1.022695966181929178e-01
7.255263830917545349e-03
1.745311850445288940e-04
9.874465914824832940e-07
0.000000000000000000e+00
0.000000000000000000e+00
0.000000000000000000e+00
0.000000000000000000e+00
0.000000000000000000e+00
0.000000000000000000e+00
0.000000000000000000e+00
