0.000000000000000000e+00
0.000000000000000000e+00
2.221754830835587306e-06
4.937232957412416047e-06
9.627604266954210529e-06
1.579914546371973270e-05
3.307946081466318802e-05
7.628024919202182970e-05
3.843635857345565937e-04
7.885748479579110515e-03
1.019274463742442377e-01
3.895079356145324523e-01
3.897668934831487464e-01
1.027697383167787970e-01
7.430535600905685718e-03
1.829244810721300204e-04
2.468616478706208023e-06
0.000000000000000000e+00
0.000000000000000000e+00
0.000000000000000000e+00
0.000000000000000000e+00
0.000000000000000000e+00
0.000000000000000000e+00
0.000000000000000000e+00
