0.000000000000000000e+00
0.000000000000000000e+00
0.000000000000000000e+00
7.405849436118623647e-07
1.481169887223724729e-06
2.468616478706208023e-06
1.481169887223724729e-06
1.950207018177904262e-05
2.680917495874942129e-04
7.366351572459324884e-03
1.018161117710545821e-01
3.900231358736384601e-01
3.915297325105928095e-01
1.016186224527580867e-01
7.176268103598946665e-03
1.750249083402701574e-04
9.874465914824832940e-07
0.000000000000000000e+00
0.000000000000000000e+00
0.000000000000000000e+00
0.000000000000000000e+00
0.000000000000000000e+00
0.000000000000000000e+00
0.000000000000000000e+00
