0.000000000000000000e+00
0.000000000000000000e+00
0.000000000000000000e+00
0.000000000000000000e+00
0.000000000000000000e+00
0.000000000000000000e+00
1.728031535094345659e-06
2.024265512539090393e-05
2.446398930397851879e-04
7.297724034351292001e-03
1.020296470964626723e-01
3.901645875978683176e-01
3.908567876584975176e-01
1.018217895889556024e-01
7.394493800316575410e-03
1.683596438477633853e-04
0.000000000000000000e+00
0.000000000000000000e+00
0.000000000000000000e+00
0.000000000000000000e+00
0.000000000000000000e+00
0.000000000000000000e+00
0.000000000000000000e+00
0.000000000000000000e+00
