0.000000000000000000e+00
0.000000000000000000e+00
0.000000000000000000e+00
0.000000000000000000e+00
2.468616478706208235e-07
4.690371309541795329e-06
1.407111392862538514e-05
4.344765002522925986e-05
2.816691402203783481e-04
7.439175758581158086e-03
1.015080284345120515e-01
3.897165337069831148e-01
3.915099835787632099e-01
1.020382872541381464e-01
7.292539939746009101e-03
1.510793284968199232e-04
2.468616478706208235e-07
0.000000000000000000e+00
0.000000000000000000e+00
0.000000000000000000e+00
0.000000000000000000e+00
0.000000000000000000e+00
0.000000000000000000e+00
0.000000000000000000e+00
