0.000000000000000000e+00
2.221754830835587306e-06
4.690371309541795329e-06
5.430956253153657482e-06
1.135563580204855640e-05
1.974893182964966419e-05
4.221334178587615542e-05
7.356477106544500265e-05
3.470874769060928425e-04
7.763305102235282598e-03
1.022007222184370123e-01
3.888836225070676500e-01
3.898686004820714479e-01
1.030294367703386837e-01
7.607041679133179531e-03
1.409580009341244696e-04
0.000000000000000000e+00
0.000000000000000000e+00
0.000000000000000000e+00
0.000000000000000000e+00
0.000000000000000000e+00
0.000000000000000000e+00
0.000000000000000000e+00
0.000000000000000000e+00
