1.974893182964966588e-06
9.874465914824832940e-07
2.962339774447449459e-06
3.456063070188691317e-06
3.949786365929933176e-06
6.171541196765519635e-06
1.135563580204855640e-05
2.567361137854456141e-05
2.759913223193540487e-04
7.771451536615013242e-03
1.014445849910092928e-01
3.881200794302038237e-01
3.930071994730984786e-01
1.019625007282418672e-01
7.168121669219216022e-03
1.881085756774130563e-04
2.962339774447449459e-06
0.000000000000000000e+00
0.000000000000000000e+00
0.000000000000000000e+00
0.000000000000000000e+00
0.000000000000000000e+00
0.000000000000000000e+00
0.000000000000000000e+00
