0.000000000000000000e+00
0.000000000000000000e+00
0.000000000000000000e+00
0.000000000000000000e+00
1.234308239353104012e-06
7.158987788248003352e-06
1.579914546371973270e-05
4.789115968690043447e-05
3.204264189360658084e-04
7.504594095266872364e-03
1.016640449959662768e-01
3.896513622319452974e-01
3.913403896266760551e-01
1.018363544261799702e-01
7.437447727046063786e-03
1.703345370307283578e-04
2.962339774447449459e-06
0.000000000000000000e+00
0.000000000000000000e+00
0.000000000000000000e+00
0.000000000000000000e+00
0.000000000000000000e+00
0.000000000000000000e+00
0.000000000000000000e+00
