2.468616478706208235e-07
1.234308239353104012e-06
9.874465914824832940e-07
2.221754830835587306e-06
7.405849436118623647e-07
2.221754830835587306e-06
5.430956253153657482e-06
1.530542216797848958e-05
2.308156407590304345e-04
7.467811709734149470e-03
1.007442384960003517e-01
3.905412984725188941e-01
3.925297690461166944e-01
1.008642132568654676e-01
7.400418479865470030e-03
1.886022989731542926e-04
4.443509661671174611e-06
0.000000000000000000e+00
0.000000000000000000e+00
0.000000000000000000e+00
0.000000000000000000e+00
0.000000000000000000e+00
0.000000000000000000e+00
0.000000000000000000e+00
