9.874465914824832940e-07
1.234308239353104012e-06
2.221754830835587306e-06
9.874465914824832940e-07
2.468616478706208023e-06
5.924679548894898917e-06
1.530542216797848958e-05
4.517568156032360742e-05
3.137611544435590363e-04
7.473736389283044956e-03
1.015391330021437472e-01
3.900991692611825989e-01
3.911833856186303637e-01
1.020846972439378164e-01
7.087644772013393900e-03
1.434266174128306784e-04
7.405849436118623647e-07
0.000000000000000000e+00
0.000000000000000000e+00
0.000000000000000000e+00
0.000000000000000000e+00
0.000000000000000000e+00
0.000000000000000000e+00
0.000000000000000000e+00
