0.000000000000000000e+00
0.000000000000000000e+00
0.000000000000000000e+00
0.000000000000000000e+00
9.874465914824832940e-07
1.728031535094345659e-06
2.468616478706208023e-06
1.135563580204855640e-05
2.406901066738552700e-04
7.780338555938355605e-03
1.006126612376853080e-01
3.915030714526228084e-01
3.907795199627140392e-01
1.014611247214166345e-01
7.439175758581158086e-03
1.656441657211865583e-04
1.234308239353104012e-06
0.000000000000000000e+00
0.000000000000000000e+00
0.000000000000000000e+00
0.000000000000000000e+00
0.000000000000000000e+00
0.000000000000000000e+00
0.000000000000000000e+00
