0.000000000000000000e+00
1.481169887223724729e-06
1.974893182964966588e-06
9.874465914824832940e-07
2.468616478706208023e-06
2.221754830835587306e-06
7.899572731859866352e-06
3.061084433595697915e-05
2.448867546876558332e-04
7.409799222484554117e-03
1.009387654745223933e-01
3.904931604511840959e-01
3.924381833747567216e-01
1.009757947217029966e-01
7.274025316155712656e-03
1.765060782274938665e-04
1.234308239353104012e-06
0.000000000000000000e+00
0.000000000000000000e+00
0.000000000000000000e+00
0.000000000000000000e+00
0.000000000000000000e+00
0.000000000000000000e+00
0.000000000000000000e+00
