0.000000000000000000e+00
0.000000000000000000e+00
0.000000000000000000e+00
0.000000000000000000e+00
0.000000000000000000e+00
0.000000000000000000e+00
8.640157675471727658e-06
4.246020343374678037e-05
3.137611544435590363e-04
7.692455809296414558e-03
1.012172254133204552e-01
3.892902036411105549e-01
3.925759321742685048e-01
1.014742083887537755e-01
7.213297350779539555e-03
1.715688452700814487e-04
2.468616478706208235e-07
0.000000000000000000e+00
0.000000000000000000e+00
0.000000000000000000e+00
0.000000000000000000e+00
0.000000000000000000e+00
0.000000000000000000e+00
0.000000000000000000e+00
