0.000000000000000000e+00
0.000000000000000000e+00
0.000000000000000000e+00
9.874465914824832940e-07
2.221754830835587306e-06
6.171541196765519635e-06
1.234308239353103927e-05
3.925100201142871020e-05
2.219286214356880988e-04
7.471267772804338070e-03
1.007205397778047629e-01
3.913292808525218880e-01
3.913122473988188132e-01
1.015396267254394941e-01
7.223418678342235361e-03
1.199747608651217077e-04
7.405849436118623647e-07
0.000000000000000000e+00
0.000000000000000000e+00
0.000000000000000000e+00
0.000000000000000000e+00
0.000000000000000000e+00
0.000000000000000000e+00
0.000000000000000000e+00
