1.234308239353104012e-06
1.234308239353104012e-06
3.209201422318070176e-06
2.221754830835587306e-06
4.443509661671174611e-06
5.924679548894898917e-06
1.333052898501352383e-05
3.159829092743946541e-05
2.917904677830737746e-04
7.404861989527141211e-03
1.014389071731082725e-01
3.904178676485835497e-01
3.913418707965632959e-01
1.015657940601137760e-01
7.304636160491669201e-03
1.673721972562809126e-04
3.209201422318070176e-06
0.000000000000000000e+00
0.000000000000000000e+00
0.000000000000000000e+00
0.000000000000000000e+00
0.000000000000000000e+00
0.000000000000000000e+00
0.000000000000000000e+00
