0.000000000000000000e+00
2.468616478706208235e-07
1.974893182964966588e-06
1.481169887223724729e-06
2.221754830835587306e-06
6.418402844636140353e-06
8.640157675471727658e-06
2.666105797002704767e-05
3.031461035851223192e-04
7.487560641563799357e-03
1.001781847374330209e-01
3.912243646521768592e-01
3.930649650987002031e-01
1.005771131603919316e-01
6.953845758867517601e-03
1.629286875946097312e-04
2.468616478706208235e-07
0.000000000000000000e+00
0.000000000000000000e+00
0.000000000000000000e+00
0.000000000000000000e+00
0.000000000000000000e+00
0.000000000000000000e+00
0.000000000000000000e+00
