0.000000000000000000e+00
0.000000000000000000e+00
1.974893182964966588e-06
2.962339774447449459e-06
5.184094605283036764e-06
6.171541196765519635e-06
1.777403864668469845e-05
3.085770598382759733e-05
2.816691402203783481e-04
7.363636094332748003e-03
1.006180921939384548e-01
3.904329262091036923e-01
3.934169898085637107e-01
1.005692135876600779e-01
7.079498337633663256e-03
1.695939520871164762e-04
3.456063070188691317e-06
0.000000000000000000e+00
0.000000000000000000e+00
0.000000000000000000e+00
0.000000000000000000e+00
0.000000000000000000e+00
0.000000000000000000e+00
0.000000000000000000e+00
