0.000000000000000000e+00
0.000000000000000000e+00
0.000000000000000000e+00
0.000000000000000000e+00
4.937232957412416470e-07
5.924679548894898917e-06
1.678659205520221558e-05
6.097482702404334013e-05
3.325226396817262346e-04
7.720598037153665084e-03
1.015450576816926409e-01
3.904798299221990954e-01
3.898419394241013913e-01
1.022992200159373866e-01
7.526317920279486547e-03
1.703345370307283578e-04
0.000000000000000000e+00
0.000000000000000000e+00
0.000000000000000000e+00
0.000000000000000000e+00
0.000000000000000000e+00
0.000000000000000000e+00
0.000000000000000000e+00
0.000000000000000000e+00
