0.000000000000000000e+00
0.000000000000000000e+00
0.000000000000000000e+00
0.000000000000000000e+00
4.937232957412416470e-07
2.962339774447449459e-06
1.184935909778979783e-05
3.283259916679256307e-05
2.599453152077636775e-04
7.499903723957330320e-03
1.012406772698681706e-01
3.909851557153902202e-01
3.905158717227881771e-01
1.020084169947457903e-01
7.290565046563043938e-03
1.513261901446905414e-04
0.000000000000000000e+00
0.000000000000000000e+00
0.000000000000000000e+00
0.000000000000000000e+00
0.000000000000000000e+00
0.000000000000000000e+00
0.000000000000000000e+00
0.000000000000000000e+00
