0.000000000000000000e+00
0.000000000000000000e+00
0.000000000000000000e+00
0.000000000000000000e+00
0.000000000000000000e+00
1.728031535094345659e-06
5.677817901024278200e-06
1.974893182964966419e-05
2.073637842113214638e-04
7.244648780059108686e-03
1.009555520665775946e-01
3.917294435837201383e-01
3.918383095704310870e-01
1.006185859172342018e-01
7.215765967258245574e-03
1.631755492424803494e-04
0.000000000000000000e+00
0.000000000000000000e+00
0.000000000000000000e+00
0.000000000000000000e+00
0.000000000000000000e+00
0.000000000000000000e+00
0.000000000000000000e+00
0.000000000000000000e+00
