0.000000000000000000e+00
0.000000000000000000e+00
0.000000000000000000e+00
0.000000000000000000e+00
2.468616478706208235e-07
6.665264492506761917e-06
1.653973040733159401e-05
4.171961849013491229e-05
2.969745623883568377e-04
7.474723835874527537e-03
1.004230714921206663e-01
3.902272904564274558e-01
3.931084127487254332e-01
1.010439285365152817e-01
7.216012828906116436e-03
1.444140640043131783e-04
0.000000000000000000e+00
0.000000000000000000e+00
0.000000000000000000e+00
0.000000000000000000e+00
0.000000000000000000e+00
0.000000000000000000e+00
0.000000000000000000e+00
0.000000000000000000e+00
