0.000000000000000000e+00
0.000000000000000000e+00
0.000000000000000000e+00
0.000000000000000000e+00
0.000000000000000000e+00
0.000000000000000000e+00
2.962339774447449459e-06
2.715478126576828741e-05
2.703135044183297493e-04
7.566556368882398041e-03
1.011557568630006704e-01
3.904874826332830895e-01
3.915475065492395323e-01
1.016151663896878998e-01
7.181452198204229566e-03
1.454015105957956510e-04
2.468616478706208235e-07
0.000000000000000000e+00
0.000000000000000000e+00
0.000000000000000000e+00
0.000000000000000000e+00
0.000000000000000000e+00
0.000000000000000000e+00
0.000000000000000000e+00
