4.937232957412416470e-07
1.728031535094345659e-06
1.234308239353104012e-06
3.949786365929933176e-06
4.937232957412416047e-06
9.874465914824832093e-06
1.925520853390842106e-05
4.073217189865243281e-05
3.004306254585454921e-04
7.405849436118623792e-03
1.015435765118054140e-01
3.903684953190094120e-01
3.908723399423133515e-01
1.019294212674271977e-01
7.341171684376521234e-03
1.540416682712673685e-04
2.468616478706208023e-06
0.000000000000000000e+00
0.000000000000000000e+00
0.000000000000000000e+00
0.000000000000000000e+00
0.000000000000000000e+00
0.000000000000000000e+00
0.000000000000000000e+00
