0.000000000000000000e+00
0.000000000000000000e+00
0.000000000000000000e+00
0.000000000000000000e+00
0.000000000000000000e+00
1.481169887223724729e-06
9.627604266954210529e-06
3.579493894124001507e-05
2.745101524321303397e-04
7.477439314001103551e-03
1.016879905758097252e-01
3.901036127708442658e-01
3.903588677147424857e-01
1.025771862314397015e-01
7.315498072997976726e-03
1.552759765106204864e-04
2.715478126576828741e-06
0.000000000000000000e+00
0.000000000000000000e+00
0.000000000000000000e+00
0.000000000000000000e+00
0.000000000000000000e+00
0.000000000000000000e+00
0.000000000000000000e+00
