0.000000000000000000e+00
1.728031535094345659e-06
1.974893182964966588e-06
4.443509661671174611e-06
4.690371309541795329e-06
1.456483722436662658e-05
2.987025939234511785e-05
9.454801113444776450e-05
3.868322022132627755e-04
7.554213286488867078e-03
1.016346684598696815e-01
3.894099315403278250e-01
3.908797457917495000e-01
1.023476048989200304e-01
7.440410066820510662e-03
1.890960222688955290e-04
4.937232957412416470e-07
0.000000000000000000e+00
0.000000000000000000e+00
0.000000000000000000e+00
0.000000000000000000e+00
0.000000000000000000e+00
0.000000000000000000e+00
0.000000000000000000e+00
