0.000000000000000000e+00
0.000000000000000000e+00
0.000000000000000000e+00
0.000000000000000000e+00
0.000000000000000000e+00
1.481169887223724729e-06
4.443509661671174611e-06
1.950207018177904262e-05
2.206943131963349809e-04
7.244648780059108686e-03
1.014371791415731860e-01
3.907249635385345865e-01
3.913050884110305661e-01
1.016968775951330728e-01
7.201941714977491173e-03
1.421923091734775876e-04
9.874465914824832940e-07
0.000000000000000000e+00
0.000000000000000000e+00
0.000000000000000000e+00
0.000000000000000000e+00
0.000000000000000000e+00
0.000000000000000000e+00
0.000000000000000000e+00
