0.000000000000000000e+00
4.937232957412416470e-07
1.974893182964966588e-06
2.468616478706208023e-06
1.728031535094345659e-06
2.715478126576828741e-06
2.221754830835587306e-06
2.789536620938014872e-05
2.127947404644751179e-04
7.188611185992477629e-03
1.008032384298414297e-01
3.913539670173089569e-01
3.917983179834760854e-01
1.014216268577573243e-01
7.017536064018137579e-03
1.644098574818334403e-04
0.000000000000000000e+00
0.000000000000000000e+00
0.000000000000000000e+00
0.000000000000000000e+00
0.000000000000000000e+00
0.000000000000000000e+00
0.000000000000000000e+00
0.000000000000000000e+00
