0.000000000000000000e+00
0.000000000000000000e+00
0.000000000000000000e+00
0.000000000000000000e+00
4.937232957412416470e-07
3.949786365929933176e-06
1.036818921056607353e-05
1.777403864668469845e-05
2.488365410535857782e-04
7.433004217384392605e-03
1.001655947933916130e-01
3.908135868701201887e-01
3.936566924686460966e-01
1.005388496049719887e-01
6.948167940966492977e-03
1.594726245244210226e-04
3.209201422318070176e-06
0.000000000000000000e+00
0.000000000000000000e+00
0.000000000000000000e+00
0.000000000000000000e+00
0.000000000000000000e+00
0.000000000000000000e+00
0.000000000000000000e+00
