1.481169887223724729e-06
9.874465914824832940e-07
2.468616478706208023e-06
2.962339774447449459e-06
5.184094605283036764e-06
1.308366733714290227e-05
2.690791961789766585e-05
6.294972020700829909e-05
3.633803456655538048e-04
7.876367736960026428e-03
1.009209914358757121e-01
3.893306889513613589e-01
3.923083341479767783e-01
1.017008273814990066e-01
7.211075595948704398e-03
1.700876753828577397e-04
1.974893182964966588e-06
0.000000000000000000e+00
0.000000000000000000e+00
0.000000000000000000e+00
0.000000000000000000e+00
0.000000000000000000e+00
0.000000000000000000e+00
0.000000000000000000e+00
