0.000000000000000000e+00
0.000000000000000000e+00
0.000000000000000000e+00
0.000000000000000000e+00
0.000000000000000000e+00
4.937232957412416470e-07
2.468616478706208023e-06
1.086191250630731496e-05
2.056357526762271366e-04
7.067648978535873150e-03
1.013826227173937750e-01
3.908274111224009362e-01
3.922490873524878130e-01
1.012740035923306997e-01
6.864481842338352249e-03
1.147906662598386718e-04
4.937232957412416470e-07
0.000000000000000000e+00
0.000000000000000000e+00
0.000000000000000000e+00
0.000000000000000000e+00
0.000000000000000000e+00
0.000000000000000000e+00
0.000000000000000000e+00
