0.000000000000000000e+00
2.468616478706208235e-07
2.468616478706208023e-06
2.962339774447449459e-06
4.937232957412416047e-06
1.407111392862538514e-05
3.530121564549877194e-05
5.480328582727781795e-05
3.498029550326696695e-04
7.602845031119379211e-03
1.006129080993331815e-01
3.899759852988951558e-01
3.916331675410505975e-01
1.023313120301605622e-01
7.220456338567787617e-03
1.567571463978441955e-04
1.974893182964966588e-06
0.000000000000000000e+00
0.000000000000000000e+00
0.000000000000000000e+00
0.000000000000000000e+00
0.000000000000000000e+00
0.000000000000000000e+00
0.000000000000000000e+00
