0.000000000000000000e+00
0.000000000000000000e+00
0.000000000000000000e+00
0.000000000000000000e+00
9.874465914824832940e-07
2.221754830835587306e-06
4.443509661671174611e-06
6.418402844636140353e-06
1.824307577763887569e-04
7.176514965246817528e-03
1.015043255097939912e-01
3.914497493366827507e-01
3.906743569007211092e-01
1.016603420712482164e-01
7.162443851318191397e-03
1.732968768051758031e-04
2.468616478706208023e-06
0.000000000000000000e+00
0.000000000000000000e+00
0.000000000000000000e+00
0.000000000000000000e+00
0.000000000000000000e+00
0.000000000000000000e+00
0.000000000000000000e+00
