1.481169887223724729e-06
7.405849436118623647e-07
1.728031535094345659e-06
1.481169887223724729e-06
5.184094605283036764e-06
1.036818921056607353e-05
1.802090029455531662e-05
3.752297047633436263e-05
2.488365410535857782e-04
7.486573194972316776e-03
1.016958901485415928e-01
3.894753498770135436e-01
3.918123890974046786e-01
1.017116892940053141e-01
7.338209344602073490e-03
1.545353915670086319e-04
0.000000000000000000e+00
0.000000000000000000e+00
0.000000000000000000e+00
0.000000000000000000e+00
0.000000000000000000e+00
0.000000000000000000e+00
0.000000000000000000e+00
0.000000000000000000e+00
