3.456063070188691317e-06
1.974893182964966588e-06
3.949786365929933176e-06
2.715478126576828741e-06
6.418402844636140353e-06
1.110877415417793653e-05
2.048951677326152549e-05
4.961919122199478203e-05
2.853720649384376478e-04
7.685790544803908220e-03
1.010407193350929683e-01
3.892341660470439169e-01
3.925191539952582742e-01
1.019748438106353877e-01
7.004452396680994897e-03
1.545353915670086319e-04
0.000000000000000000e+00
0.000000000000000000e+00
0.000000000000000000e+00
0.000000000000000000e+00
0.000000000000000000e+00
0.000000000000000000e+00
0.000000000000000000e+00
0.000000000000000000e+00
