0.000000000000000000e+00
0.000000000000000000e+00
2.468616478706208235e-07
2.962339774447449459e-06
3.456063070188691317e-06
3.702924718059312035e-06
4.690371309541795329e-06
1.950207018177904262e-05
2.592047302641518501e-04
7.454234319101265931e-03
1.010617025751619630e-01
3.904272483912026304e-01
3.919064433852433860e-01
1.012890621528508145e-01
7.415970763681319598e-03
1.510793284968199232e-04
4.937232957412416470e-07
0.000000000000000000e+00
0.000000000000000000e+00
0.000000000000000000e+00
0.000000000000000000e+00
0.000000000000000000e+00
0.000000000000000000e+00
0.000000000000000000e+00
