0.000000000000000000e+00
0.000000000000000000e+00
1.728031535094345659e-06
3.209201422318070176e-06
6.912126140377382635e-06
1.086191250630731496e-05
2.394557984345021723e-05
5.085349946134788647e-05
2.969745623883568377e-04
7.681840758437977895e-03
1.013860787804639618e-01
3.888186978936776783e-01
3.929128983236119255e-01
1.013339909727632576e-01
7.264891435184499431e-03
2.068700609155802274e-04
2.468616478706208235e-07
0.000000000000000000e+00
0.000000000000000000e+00
0.000000000000000000e+00
0.000000000000000000e+00
0.000000000000000000e+00
0.000000000000000000e+00
0.000000000000000000e+00
