0.000000000000000000e+00
0.000000000000000000e+00
0.000000000000000000e+00
2.468616478706208023e-06
3.702924718059312035e-06
5.924679548894898917e-06
1.160249744991917796e-05
4.961919122199478203e-05
3.675769936793543409e-04
7.905003688113018678e-03
1.007610250880555530e-01
3.894718938139433151e-01
3.912986700081859115e-01
1.024159855753801890e-01
7.539154725968759234e-03
1.644098574818334403e-04
2.962339774447449459e-06
0.000000000000000000e+00
0.000000000000000000e+00
0.000000000000000000e+00
0.000000000000000000e+00
0.000000000000000000e+00
0.000000000000000000e+00
0.000000000000000000e+00
