0.000000000000000000e+00
0.000000000000000000e+00
0.000000000000000000e+00
9.874465914824832940e-07
4.196648013800553894e-06
1.135563580204855640e-05
1.728031535094345532e-05
4.270706508161739855e-05
3.009243487542867285e-04
7.334506419884014895e-03
1.016489864354461758e-01
3.906123946271056191e-01
3.903628175011084056e-01
1.020451993802785201e-01
7.461887030185254850e-03
1.560165614542323410e-04
7.405849436118623647e-07
0.000000000000000000e+00
0.000000000000000000e+00
0.000000000000000000e+00
0.000000000000000000e+00
0.000000000000000000e+00
0.000000000000000000e+00
0.000000000000000000e+00
