1.234308239353104012e-06
2.221754830835587306e-06
2.962339774447449459e-06
5.677817901024278200e-06
1.209622074566041940e-05
1.530542216797848958e-05
3.036398268808635759e-05
7.060243129099754388e-05
4.292924056470095897e-04
7.999551699247467798e-03
1.019032539327529158e-01
3.881025522532050021e-01
3.911967161476153643e-01
1.028196043696486539e-01
7.200707406738137729e-03
2.006985197188147188e-04
1.974893182964966588e-06
0.000000000000000000e+00
0.000000000000000000e+00
0.000000000000000000e+00
0.000000000000000000e+00
0.000000000000000000e+00
0.000000000000000000e+00
0.000000000000000000e+00
