0.000000000000000000e+00
0.000000000000000000e+00
0.000000000000000000e+00
1.974893182964966588e-06
5.924679548894898917e-06
7.158987788248003352e-06
1.728031535094345532e-05
2.863595115299201341e-05
2.347654271249603795e-04
7.126895774024822813e-03
1.004993517413126924e-01
3.923698026982965770e-01
3.912485570936681811e-01
1.012130287653066618e-01
7.096038068040994538e-03
1.500918819053374505e-04
4.937232957412416470e-07
0.000000000000000000e+00
0.000000000000000000e+00
0.000000000000000000e+00
0.000000000000000000e+00
0.000000000000000000e+00
0.000000000000000000e+00
0.000000000000000000e+00
