1.481169887223724729e-06
7.405849436118623647e-07
2.715478126576828741e-06
3.456063070188691317e-06
8.640157675471727658e-06
1.184935909778979783e-05
2.443930313919146036e-05
7.307104776970375275e-05
3.683175786229662225e-04
7.920802833576738242e-03
1.021266637240758196e-01
3.881501965512440533e-01
3.903677547340658194e-01
1.031824909920184691e-01
7.563347167460080303e-03
1.913177770997311197e-04
2.468616478706208023e-06
0.000000000000000000e+00
0.000000000000000000e+00
0.000000000000000000e+00
0.000000000000000000e+00
0.000000000000000000e+00
0.000000000000000000e+00
0.000000000000000000e+00
