0.000000000000000000e+00
0.000000000000000000e+00
0.000000000000000000e+00
0.000000000000000000e+00
0.000000000000000000e+00
0.000000000000000000e+00
2.962339774447449459e-06
1.184935909778979783e-05
1.883554373252836745e-04
7.087644772013393900e-03
9.996415568872918378e-02
3.921984807146743357e-01
3.928709318434739362e-01
1.005284814157614282e-01
6.984703464851345009e-03
1.599663478201622860e-04
2.468616478706208023e-06
0.000000000000000000e+00
0.000000000000000000e+00
0.000000000000000000e+00
0.000000000000000000e+00
0.000000000000000000e+00
0.000000000000000000e+00
0.000000000000000000e+00
