1.728031535094345659e-06
9.874465914824832940e-07
9.874465914824832940e-07
2.221754830835587306e-06
1.234308239353104012e-06
4.443509661671174611e-06
9.874465914824832093e-06
2.493302643493270010e-05
2.345185654770897614e-04
7.360180031262559402e-03
1.005131759935934399e-01
3.911285823328030653e-01
3.925418652668623554e-01
1.009424683992404537e-01
7.088879080252746476e-03
1.412048625819950878e-04
2.468616478706208235e-07
0.000000000000000000e+00
0.000000000000000000e+00
0.000000000000000000e+00
0.000000000000000000e+00
0.000000000000000000e+00
0.000000000000000000e+00
0.000000000000000000e+00
