0.000000000000000000e+00
4.937232957412416470e-07
1.728031535094345659e-06
3.702924718059312035e-06
3.456063070188691317e-06
6.665264492506761917e-06
8.393296027601107788e-06
2.912967444873325315e-05
2.609327617992462044e-04
7.356230244896629078e-03
1.011379828243539891e-01
3.913186658016634678e-01
3.908306203238232079e-01
1.015618442737478422e-01
7.273037869564230075e-03
2.053888910283564913e-04
1.728031535094345659e-06
0.000000000000000000e+00
0.000000000000000000e+00
0.000000000000000000e+00
0.000000000000000000e+00
0.000000000000000000e+00
0.000000000000000000e+00
0.000000000000000000e+00
