0.000000000000000000e+00
4.937232957412416470e-07
1.234308239353104012e-06
3.949786365929933176e-06
5.430956253153657482e-06
1.258994404140166083e-05
2.863595115299201341e-05
5.332211594005409534e-05
3.068490283031816731e-04
7.706033199929298964e-03
1.015383924172001406e-01
3.893262454416996921e-01
3.918938534412019781e-01
1.015176560387790056e-01
7.430288739257815724e-03
1.750249083402701574e-04
0.000000000000000000e+00
0.000000000000000000e+00
0.000000000000000000e+00
0.000000000000000000e+00
0.000000000000000000e+00
0.000000000000000000e+00
0.000000000000000000e+00
0.000000000000000000e+00
