0.000000000000000000e+00
0.000000000000000000e+00
0.000000000000000000e+00
0.000000000000000000e+00
0.000000000000000000e+00
1.234308239353104012e-06
3.456063070188691317e-06
7.899572731859866352e-06
1.718157069179520669e-04
7.140226303009836357e-03
1.009325939333256261e-01
3.914993685279047342e-01
3.922179827848561451e-01
1.008163220971785706e-01
7.078017167746439818e-03
1.288617801884640434e-04
2.221754830835587306e-06
0.000000000000000000e+00
0.000000000000000000e+00
0.000000000000000000e+00
0.000000000000000000e+00
0.000000000000000000e+00
0.000000000000000000e+00
0.000000000000000000e+00
