0.000000000000000000e+00
0.000000000000000000e+00
0.000000000000000000e+00
0.000000000000000000e+00
0.000000000000000000e+00
2.468616478706208235e-07
5.924679548894898917e-06
1.629286875946097245e-05
2.029202745496502824e-04
7.391284598894257672e-03
1.013273257082707574e-01
3.907812479942491257e-01
3.904104617991474568e-01
1.023419270810190101e-01
7.337715621306332633e-03
1.846525126072243476e-04
0.000000000000000000e+00
0.000000000000000000e+00
0.000000000000000000e+00
0.000000000000000000e+00
0.000000000000000000e+00
0.000000000000000000e+00
0.000000000000000000e+00
0.000000000000000000e+00
