0.000000000000000000e+00
0.000000000000000000e+00
0.000000000000000000e+00
2.468616478706208235e-07
1.974893182964966588e-06
3.949786365929933176e-06
1.579914546371973270e-05
3.900414036355808524e-05
2.759913223193540487e-04
7.513727976238085589e-03
1.014171833480956575e-01
3.898881025522532018e-01
3.920271587310521499e-01
1.014549531802198673e-01
7.208360117822127516e-03
1.515730517925611596e-04
1.974893182964966588e-06
0.000000000000000000e+00
0.000000000000000000e+00
0.000000000000000000e+00
0.000000000000000000e+00
0.000000000000000000e+00
0.000000000000000000e+00
0.000000000000000000e+00
