0.000000000000000000e+00
0.000000000000000000e+00
0.000000000000000000e+00
0.000000000000000000e+00
0.000000000000000000e+00
0.000000000000000000e+00
0.000000000000000000e+00
1.357739063288414370e-05
2.318030873505129343e-04
7.236008622383637186e-03
1.009088952151300511e-01
3.914559208778795041e-01
3.910419338944005063e-01
1.015818400672253707e-01
7.347590087221157577e-03
1.816901728327769024e-04
7.405849436118623647e-07
0.000000000000000000e+00
0.000000000000000000e+00
0.000000000000000000e+00
0.000000000000000000e+00
0.000000000000000000e+00
0.000000000000000000e+00
0.000000000000000000e+00
