0.000000000000000000e+00
4.937232957412416470e-07
1.974893182964966588e-06
4.196648013800553894e-06
6.912126140377382635e-06
1.012132756269545196e-05
1.481169887223724814e-05
4.492881991245298247e-05
3.224013121190307538e-04
7.663819858143422308e-03
1.014700117407399682e-01
3.888283254979446046e-01
3.924919992139925262e-01
1.016129446348570664e-01
7.384866196049621329e-03
1.421923091734775876e-04
0.000000000000000000e+00
0.000000000000000000e+00
0.000000000000000000e+00
0.000000000000000000e+00
0.000000000000000000e+00
0.000000000000000000e+00
0.000000000000000000e+00
0.000000000000000000e+00
