0.000000000000000000e+00
0.000000000000000000e+00
0.000000000000000000e+00
0.000000000000000000e+00
7.405849436118623647e-07
6.171541196765519635e-06
1.234308239353103927e-05
2.443930313919146036e-05
2.915436061352031836e-04
7.892413744071617721e-03
1.016223253774761470e-01
3.895669355483735163e-01
3.905309302833083196e-01
1.027364119943162540e-01
7.191820387414795367e-03
1.226902389916985348e-04
1.234308239353104012e-06
0.000000000000000000e+00
0.000000000000000000e+00
0.000000000000000000e+00
0.000000000000000000e+00
0.000000000000000000e+00
0.000000000000000000e+00
0.000000000000000000e+00
