0.000000000000000000e+00
0.000000000000000000e+00
0.000000000000000000e+00
0.000000000000000000e+00
0.000000000000000000e+00
0.000000000000000000e+00
8.640157675471727658e-06
2.863595115299201341e-05
1.972424566486260101e-04
7.088138495309134757e-03
1.012683257744296794e-01
3.911278417478594727e-01
3.914934438483558266e-01
1.014216268577573243e-01
7.215272243962504717e-03
1.498450202574668324e-04
9.874465914824832940e-07
0.000000000000000000e+00
0.000000000000000000e+00
0.000000000000000000e+00
0.000000000000000000e+00
0.000000000000000000e+00
0.000000000000000000e+00
0.000000000000000000e+00
