0.000000000000000000e+00
0.000000000000000000e+00
0.000000000000000000e+00
0.000000000000000000e+00
0.000000000000000000e+00
2.715478126576828741e-06
6.912126140377382635e-06
1.382425228075476527e-05
2.199537282527231263e-04
7.228109049651776537e-03
1.008111380025732834e-01
3.913016323479603931e-01
3.917047574189331249e-01
1.014371791415731860e-01
7.143435504432154096e-03
1.303429500756877796e-04
0.000000000000000000e+00
0.000000000000000000e+00
0.000000000000000000e+00
0.000000000000000000e+00
0.000000000000000000e+00
0.000000000000000000e+00
0.000000000000000000e+00
0.000000000000000000e+00
