0.000000000000000000e+00
7.405849436118623647e-07
1.728031535094345659e-06
1.974893182964966588e-06
2.221754830835587306e-06
4.937232957412416047e-06
1.407111392862538514e-05
4.369451167309987803e-05
3.001837638106749011e-04
7.377954069909244128e-03
1.019580572185801864e-01
3.901110186202803587e-01
3.904489722162152732e-01
1.025204080524294709e-01
7.060489990747625087e-03
1.533010833276555139e-04
2.468616478706208235e-07
0.000000000000000000e+00
0.000000000000000000e+00
0.000000000000000000e+00
0.000000000000000000e+00
0.000000000000000000e+00
0.000000000000000000e+00
0.000000000000000000e+00
