2.468616478706208235e-07
2.715478126576828741e-06
2.715478126576828741e-06
2.962339774447449459e-06
3.209201422318070176e-06
1.061505085843669509e-05
1.604600711159035088e-05
3.011712104021573602e-05
2.480959561099738966e-04
7.721832345393018528e-03
1.013744762830140478e-01
3.891472707469934567e-01
3.925571706890303436e-01
1.015615974120999687e-01
7.168368530867086884e-03
1.515730517925611596e-04
9.874465914824832940e-07
0.000000000000000000e+00
0.000000000000000000e+00
0.000000000000000000e+00
0.000000000000000000e+00
0.000000000000000000e+00
0.000000000000000000e+00
0.000000000000000000e+00
