0.000000000000000000e+00
0.000000000000000000e+00
0.000000000000000000e+00
9.874465914824832940e-07
3.456063070188691317e-06
5.430956253153657482e-06
1.925520853390842106e-05
5.406270088366595664e-05
3.231418970626426354e-04
7.665054166382775751e-03
1.023461237290328035e-01
3.889206517542482255e-01
3.896076677202721661e-01
1.030575789981959395e-01
7.789719298557439692e-03
2.011922430145559552e-04
5.677817901024278200e-06
0.000000000000000000e+00
0.000000000000000000e+00
0.000000000000000000e+00
0.000000000000000000e+00
0.000000000000000000e+00
0.000000000000000000e+00
0.000000000000000000e+00
