0.000000000000000000e+00
0.000000000000000000e+00
0.000000000000000000e+00
0.000000000000000000e+00
1.728031535094345659e-06
2.221754830835587306e-06
6.912126140377382635e-06
1.333052898501352383e-05
2.142759103516988541e-04
7.442138098355604962e-03
1.012986897571177686e-01
3.899520397190516796e-01
3.920678909029507997e-01
1.017460030630593232e-01
7.070364456662450031e-03
1.821838961285181387e-04
2.221754830835587306e-06
0.000000000000000000e+00
0.000000000000000000e+00
0.000000000000000000e+00
0.000000000000000000e+00
0.000000000000000000e+00
0.000000000000000000e+00
0.000000000000000000e+00
