2.468616478706208235e-07
1.974893182964966588e-06
1.974893182964966588e-06
1.974893182964966588e-06
3.949786365929933176e-06
4.196648013800553894e-06
1.110877415417793653e-05
4.369451167309987803e-05
2.695729194747179219e-04
7.449050224495982163e-03
1.026240899445351185e-01
3.893706805383163605e-01
3.898720565451416209e-01
1.025885418672417559e-01
7.530020844997546009e-03
2.120541555208632634e-04
7.652711083989244788e-06
1.728031535094345659e-06
0.000000000000000000e+00
0.000000000000000000e+00
0.000000000000000000e+00
0.000000000000000000e+00
0.000000000000000000e+00
0.000000000000000000e+00
