4.937232957412416470e-07
1.728031535094345659e-06
2.962339774447449459e-06
3.702924718059312035e-06
2.962339774447449459e-06
5.430956253153657482e-06
1.258994404140166083e-05
4.665685144754733003e-05
3.330163629774674709e-04
7.667769644509352632e-03
1.013201667204825102e-01
3.896140861231168206e-01
3.912621344843010829e-01
1.023367429864137229e-01
7.232058836017706861e-03
1.542885299191379866e-04
3.209201422318070176e-06
0.000000000000000000e+00
0.000000000000000000e+00
0.000000000000000000e+00
0.000000000000000000e+00
0.000000000000000000e+00
0.000000000000000000e+00
0.000000000000000000e+00
