0.000000000000000000e+00
0.000000000000000000e+00
0.000000000000000000e+00
0.000000000000000000e+00
0.000000000000000000e+00
2.468616478706208235e-07
5.430956253153657482e-06
2.295813325196773436e-05
2.113135705772514088e-04
7.300686374125739744e-03
1.012391960999809437e-01
3.907953191081777189e-01
3.919987696415470069e-01
1.012290747724182427e-01
7.040741058917976067e-03
1.520667750883024230e-04
4.196648013800553894e-06
0.000000000000000000e+00
0.000000000000000000e+00
0.000000000000000000e+00
0.000000000000000000e+00
0.000000000000000000e+00
0.000000000000000000e+00
0.000000000000000000e+00
