0.000000000000000000e+00
0.000000000000000000e+00
0.000000000000000000e+00
0.000000000000000000e+00
1.234308239353104012e-06
6.418402844636140353e-06
1.802090029455531662e-05
5.356897758792471351e-05
3.902882652834514842e-04
7.577171419740834704e-03
1.013051081599623954e-01
3.897594876337125980e-01
3.909538042861106510e-01
1.020982746345707043e-01
7.653945392228598231e-03
1.826776194242594022e-04
0.000000000000000000e+00
0.000000000000000000e+00
0.000000000000000000e+00
0.000000000000000000e+00
0.000000000000000000e+00
0.000000000000000000e+00
0.000000000000000000e+00
0.000000000000000000e+00
