0.000000000000000000e+00
0.000000000000000000e+00
0.000000000000000000e+00
0.000000000000000000e+00
1.728031535094345659e-06
2.221754830835587306e-06
4.443509661671174611e-06
2.048951677326152549e-05
2.253846845058767804e-04
7.465589954903314313e-03
1.009459244623106405e-01
3.907195325822814813e-01
3.920703595194294788e-01
1.011295895283263885e-01
7.229343357891129980e-03
1.807027262412944297e-04
4.690371309541795329e-06
0.000000000000000000e+00
0.000000000000000000e+00
0.000000000000000000e+00
0.000000000000000000e+00
0.000000000000000000e+00
0.000000000000000000e+00
0.000000000000000000e+00
