0.000000000000000000e+00
0.000000000000000000e+00
0.000000000000000000e+00
2.221754830835587306e-06
2.715478126576828741e-06
1.481169887223724729e-06
1.283680568927228071e-05
3.505435399762815376e-05
2.298281941675479618e-04
7.505087818562613221e-03
1.007452259425918317e-01
3.902672820433824574e-01
3.927808273420011487e-01
1.009483930787893474e-01
7.294761694576844258e-03
1.740374617487876576e-04
2.468616478706208235e-07
0.000000000000000000e+00
0.000000000000000000e+00
0.000000000000000000e+00
0.000000000000000000e+00
0.000000000000000000e+00
0.000000000000000000e+00
0.000000000000000000e+00
