0.000000000000000000e+00
0.000000000000000000e+00
0.000000000000000000e+00
4.937232957412416470e-07
3.702924718059312035e-06
6.418402844636140353e-06
8.146434379730486223e-06
2.493302643493270010e-05
2.248909612101355441e-04
7.755899252799164541e-03
1.017783419389303723e-01
3.893097057112923642e-01
3.910945154253969158e-01
1.022814459772907053e-01
7.316732381237330170e-03
1.927989469869548559e-04
1.974893182964966588e-06
0.000000000000000000e+00
0.000000000000000000e+00
0.000000000000000000e+00
0.000000000000000000e+00
0.000000000000000000e+00
0.000000000000000000e+00
0.000000000000000000e+00
