1.974893182964966588e-06
4.937232957412416470e-07
3.209201422318070176e-06
2.221754830835587306e-06
4.690371309541795329e-06
1.555228381584911114e-05
1.925520853390842106e-05
6.270285855913768091e-05
3.631334840176832137e-04
7.719116867266441646e-03
1.003734523008986690e-01
3.900135082693714783e-01
3.920274055926999957e-01
1.018672121321638063e-01
7.340431099432909515e-03
1.715688452700814487e-04
7.158987788248003352e-06
9.874465914824832940e-07
0.000000000000000000e+00
0.000000000000000000e+00
0.000000000000000000e+00
0.000000000000000000e+00
0.000000000000000000e+00
0.000000000000000000e+00
