0.000000000000000000e+00
0.000000000000000000e+00
0.000000000000000000e+00
1.481169887223724729e-06
3.702924718059312035e-06
9.380742619083590658e-06
1.802090029455531662e-05
3.307946081466318802e-05
2.493302643493270146e-04
7.489782396394635382e-03
1.009345688265086000e-01
3.908538253187230915e-01
3.914179041841074347e-01
1.017284758860605154e-01
7.112330936800455826e-03
1.434266174128306784e-04
4.690371309541795329e-06
0.000000000000000000e+00
0.000000000000000000e+00
0.000000000000000000e+00
0.000000000000000000e+00
0.000000000000000000e+00
0.000000000000000000e+00
0.000000000000000000e+00
