0.000000000000000000e+00
0.000000000000000000e+00
4.937232957412416470e-07
1.234308239353104012e-06
2.468616478706208023e-06
6.912126140377382635e-06
1.974893182964966419e-05
4.196648013800553724e-05
2.377277668994078248e-04
7.261435372114310831e-03
1.007141213749601361e-01
3.898197218757930571e-01
3.941622651234851227e-01
1.006294478297405093e-01
6.945205601192045233e-03
1.570040080457148408e-04
2.468616478706208235e-07
0.000000000000000000e+00
0.000000000000000000e+00
0.000000000000000000e+00
0.000000000000000000e+00
0.000000000000000000e+00
0.000000000000000000e+00
0.000000000000000000e+00
