0.000000000000000000e+00
0.000000000000000000e+00
0.000000000000000000e+00
0.000000000000000000e+00
9.874465914824832940e-07
2.468616478706208023e-06
4.443509661671174611e-06
1.505856052010786801e-05
2.078575075070627002e-04
7.265385158480240288e-03
1.015465388515798678e-01
3.896824667995769653e-01
3.928237812687306318e-01
1.011444012271986298e-01
7.138745133122612052e-03
1.676190589041515308e-04
2.468616478706208235e-07
0.000000000000000000e+00
0.000000000000000000e+00
0.000000000000000000e+00
0.000000000000000000e+00
0.000000000000000000e+00
0.000000000000000000e+00
0.000000000000000000e+00
