0.000000000000000000e+00
0.000000000000000000e+00
0.000000000000000000e+00
0.000000000000000000e+00
0.000000000000000000e+00
6.912126140377382635e-06
1.209622074566041940e-05
2.789536620938014872e-05
2.695729194747179219e-04
7.810702538626442155e-03
1.009202508509321056e-01
3.902576544391155311e-01
3.903131983098864222e-01
1.025204080524294709e-01
7.660116933425363712e-03
1.962550100571435374e-04
4.937232957412416047e-06
0.000000000000000000e+00
0.000000000000000000e+00
0.000000000000000000e+00
0.000000000000000000e+00
0.000000000000000000e+00
0.000000000000000000e+00
0.000000000000000000e+00
