1.481169887223724729e-06
1.234308239353104012e-06
3.949786365929933176e-06
5.430956253153657482e-06
4.937232957412416047e-06
9.874465914824832093e-06
2.123010171687339019e-05
6.838067646016196674e-05
3.609117291868476230e-04
7.795150254810592587e-03
1.019642287597769537e-01
3.894610319014370492e-01
3.890033504062849201e-01
1.036349883925653109e-01
7.495460214295659139e-03
1.661378890169277946e-04
1.974893182964966588e-06
0.000000000000000000e+00
0.000000000000000000e+00
0.000000000000000000e+00
0.000000000000000000e+00
0.000000000000000000e+00
0.000000000000000000e+00
0.000000000000000000e+00
