2.468616478706208023e-06
4.196648013800553894e-06
3.456063070188691317e-06
6.418402844636140353e-06
1.333052898501352383e-05
2.048951677326152549e-05
3.036398268808635759e-05
5.727190230598402682e-05
3.675769936793543409e-04
8.066944929116146371e-03
1.020553207078412211e-01
3.877285568566810059e-01
3.915314605421279515e-01
1.024621487035319994e-01
7.471514634452208932e-03
1.678659205520221490e-04
0.000000000000000000e+00
0.000000000000000000e+00
0.000000000000000000e+00
0.000000000000000000e+00
0.000000000000000000e+00
0.000000000000000000e+00
0.000000000000000000e+00
0.000000000000000000e+00
