0.000000000000000000e+00
0.000000000000000000e+00
0.000000000000000000e+00
0.000000000000000000e+00
0.000000000000000000e+00
1.974893182964966588e-06
5.924679548894898917e-06
2.221754830835587306e-05
2.056357526762271366e-04
7.030372869707409399e-03
1.001544860192374320e-01
3.928603167926154605e-01
3.923016688834842780e-01
1.002552055715686535e-01
7.019757818848972736e-03
1.407111392862538514e-04
1.728031535094345659e-06
0.000000000000000000e+00
0.000000000000000000e+00
0.000000000000000000e+00
0.000000000000000000e+00
0.000000000000000000e+00
0.000000000000000000e+00
0.000000000000000000e+00
