1.234308239353104012e-06
7.405849436118623647e-07
3.456063070188691317e-06
2.715478126576828741e-06
6.665264492506761917e-06
7.652711083989244788e-06
1.555228381584911114e-05
4.048531025078180786e-05
2.754975990236128124e-04
7.278468825817383837e-03
1.019269526509484908e-01
3.902035917382318808e-01
3.913660632380546178e-01
1.014487816390231001e-01
7.238230377214472343e-03
1.797152796498119299e-04
0.000000000000000000e+00
0.000000000000000000e+00
0.000000000000000000e+00
0.000000000000000000e+00
0.000000000000000000e+00
0.000000000000000000e+00
0.000000000000000000e+00
0.000000000000000000e+00
