1.974893182964966588e-06
4.937232957412416470e-07
3.209201422318070176e-06
3.456063070188691317e-06
6.171541196765519635e-06
7.158987788248003352e-06
1.456483722436662658e-05
7.726769578350431596e-05
4.310204371821038899e-04
7.854890773595283107e-03
1.017358817354966360e-01
3.896906132339567064e-01
3.900767048512263635e-01
1.025739770300173881e-01
7.374004283543313804e-03
1.449077873000544146e-04
3.456063070188691317e-06
0.000000000000000000e+00
0.000000000000000000e+00
0.000000000000000000e+00
0.000000000000000000e+00
0.000000000000000000e+00
0.000000000000000000e+00
0.000000000000000000e+00
