0.000000000000000000e+00
0.000000000000000000e+00
0.000000000000000000e+00
0.000000000000000000e+00
0.000000000000000000e+00
1.974893182964966588e-06
5.184094605283036764e-06
2.197068666048525149e-05
2.880875430650144749e-04
7.685049959860295633e-03
1.008365647523039588e-01
3.909454109900830643e-01
3.907434781621249020e-01
1.018440071372639644e-01
7.474723835874527537e-03
1.535479449755261321e-04
0.000000000000000000e+00
0.000000000000000000e+00
0.000000000000000000e+00
0.000000000000000000e+00
0.000000000000000000e+00
0.000000000000000000e+00
0.000000000000000000e+00
0.000000000000000000e+00
