0.000000000000000000e+00
0.000000000000000000e+00
0.000000000000000000e+00
9.874465914824832940e-07
4.690371309541795329e-06
9.133880971212969094e-06
2.048951677326152549e-05
5.134722275708912282e-05
3.162297709222652181e-04
7.370054497177384346e-03
1.008407614003177660e-01
3.904667462548619405e-01
3.929440028912435934e-01
1.006738829263572194e-01
7.146150982558730977e-03
1.540416682712673685e-04
1.481169887223724729e-06
0.000000000000000000e+00
0.000000000000000000e+00
0.000000000000000000e+00
0.000000000000000000e+00
0.000000000000000000e+00
0.000000000000000000e+00
0.000000000000000000e+00
