0.000000000000000000e+00
0.000000000000000000e+00
0.000000000000000000e+00
0.000000000000000000e+00
7.405849436118623647e-07
2.221754830835587306e-06
4.937232957412416047e-06
1.505856052010786801e-05
2.034139978453915459e-04
7.456949797227842812e-03
1.018457351687990509e-01
3.890793837938290589e-01
3.920007445347299946e-01
1.020145885359425575e-01
7.239217823805954924e-03
1.362676296245826700e-04
7.405849436118623647e-07
0.000000000000000000e+00
0.000000000000000000e+00
0.000000000000000000e+00
0.000000000000000000e+00
0.000000000000000000e+00
0.000000000000000000e+00
0.000000000000000000e+00
