9.874465914824832940e-07
1.234308239353104012e-06
2.468616478706208023e-06
3.209201422318070176e-06
8.393296027601107788e-06
1.283680568927228071e-05
1.974893182964966419e-05
5.233466934857160908e-05
3.325226396817262346e-04
7.856865666778248269e-03
1.018874547872891945e-01
3.889450910573874487e-01
3.907444656087163959e-01
1.023392116028924298e-01
7.539401587616630096e-03
2.411838299695965063e-04
3.949786365929933176e-06
0.000000000000000000e+00
0.000000000000000000e+00
0.000000000000000000e+00
0.000000000000000000e+00
0.000000000000000000e+00
0.000000000000000000e+00
0.000000000000000000e+00
