0.000000000000000000e+00
0.000000000000000000e+00
0.000000000000000000e+00
0.000000000000000000e+00
0.000000000000000000e+00
0.000000000000000000e+00
2.221754830835587306e-06
2.024265512539090393e-05
2.046483060847446368e-04
7.168615392514957746e-03
1.011698279769292913e-01
3.910145322514868571e-01
3.915761425003925211e-01
1.016065262320124257e-01
7.081720092464498413e-03
1.537948066233967503e-04
1.728031535094345659e-06
0.000000000000000000e+00
0.000000000000000000e+00
0.000000000000000000e+00
0.000000000000000000e+00
0.000000000000000000e+00
0.000000000000000000e+00
0.000000000000000000e+00
