9.874465914824832940e-07
1.728031535094345659e-06
1.974893182964966588e-06
4.196648013800553894e-06
5.924679548894898917e-06
1.283680568927228071e-05
1.382425228075476527e-05
5.060663781347726151e-05
3.557276345815645600e-04
7.967953408320026937e-03
1.012633885414722656e-01
3.896111237833423946e-01
3.906775661021434365e-01
1.025981694715087100e-01
7.229590219539000842e-03
2.011922430145559552e-04
3.209201422318070176e-06
0.000000000000000000e+00
0.000000000000000000e+00
0.000000000000000000e+00
0.000000000000000000e+00
0.000000000000000000e+00
0.000000000000000000e+00
0.000000000000000000e+00
