0.000000000000000000e+00
0.000000000000000000e+00
0.000000000000000000e+00
0.000000000000000000e+00
7.405849436118623647e-07
1.974893182964966588e-06
2.221754830835587306e-06
2.567361137854456141e-05
2.680917495874942129e-04
7.110109181969619802e-03
1.002927285420449760e-01
3.932831907954178474e-01
3.910091012952336964e-01
1.005363809884932819e-01
7.326853708800025108e-03
1.429328941170894421e-04
0.000000000000000000e+00
0.000000000000000000e+00
0.000000000000000000e+00
0.000000000000000000e+00
0.000000000000000000e+00
0.000000000000000000e+00
0.000000000000000000e+00
0.000000000000000000e+00
