0.000000000000000000e+00
0.000000000000000000e+00
0.000000000000000000e+00
0.000000000000000000e+00
1.481169887223724729e-06
3.949786365929933176e-06
5.924679548894898917e-06
2.468616478706207854e-05
2.663637180523998585e-04
7.394740661964446272e-03
1.016786098331906446e-01
3.902623448104250437e-01
3.906156038285279464e-01
1.023389647412445563e-01
7.237736653918731486e-03
1.661378890169277946e-04
3.456063070188691317e-06
0.000000000000000000e+00
0.000000000000000000e+00
0.000000000000000000e+00
0.000000000000000000e+00
0.000000000000000000e+00
0.000000000000000000e+00
0.000000000000000000e+00
