0.000000000000000000e+00
0.000000000000000000e+00
0.000000000000000000e+00
7.405849436118623647e-07
3.702924718059312035e-06
7.652711083989244788e-06
9.380742619083590658e-06
4.073217189865243281e-05
3.436314138359041338e-04
7.257732447396251368e-03
1.009044517054683843e-01
3.917020419408065446e-01
3.914549334312880102e-01
1.008864308051738296e-01
7.218234583736952460e-03
1.653973040733159401e-04
4.937232957412416047e-06
0.000000000000000000e+00
0.000000000000000000e+00
0.000000000000000000e+00
0.000000000000000000e+00
0.000000000000000000e+00
0.000000000000000000e+00
0.000000000000000000e+00
