0.000000000000000000e+00
0.000000000000000000e+00
7.405849436118623647e-07
1.728031535094345659e-06
4.196648013800553894e-06
9.133880971212969094e-06
1.851462359029655975e-05
3.357318411040443115e-05
3.186983874009714540e-04
7.763551963883153460e-03
1.010740456575554974e-01
3.899147636102232584e-01
3.913979083906299339e-01
1.018637560690936195e-01
7.422636028173825937e-03
1.732968768051758031e-04
3.456063070188691317e-06
0.000000000000000000e+00
0.000000000000000000e+00
0.000000000000000000e+00
0.000000000000000000e+00
0.000000000000000000e+00
0.000000000000000000e+00
0.000000000000000000e+00
