1.481169887223724729e-06
1.234308239353104012e-06
1.234308239353104012e-06
1.974893182964966588e-06
1.481169887223724729e-06
5.430956253153657482e-06
7.405849436118624070e-06
2.246440995622649123e-05
2.819160018682489392e-04
7.349318118756251877e-03
1.012379617917415903e-01
3.908009969260787808e-01
3.910537832534982661e-01
1.015403673103831006e-01
7.503112925379648926e-03
1.893428839167661472e-04
4.937232957412416470e-07
0.000000000000000000e+00
0.000000000000000000e+00
0.000000000000000000e+00
0.000000000000000000e+00
0.000000000000000000e+00
0.000000000000000000e+00
0.000000000000000000e+00
