2.468616478706208235e-07
2.962339774447449459e-06
2.468616478706208023e-06
4.196648013800553894e-06
2.962339774447449459e-06
6.912126140377382635e-06
2.838908950512139185e-05
5.801248724959588813e-05
3.493092317369284332e-04
7.758367869277870560e-03
1.009644390859009422e-01
3.891712163268369329e-01
3.917588201198167752e-01
1.023959897819026743e-01
7.358698861375335097e-03
1.370082145681945516e-04
0.000000000000000000e+00
0.000000000000000000e+00
0.000000000000000000e+00
0.000000000000000000e+00
0.000000000000000000e+00
0.000000000000000000e+00
0.000000000000000000e+00
0.000000000000000000e+00
