0.000000000000000000e+00
2.468616478706208235e-07
1.728031535094345659e-06
4.937232957412416470e-07
2.715478126576828741e-06
7.899572731859866352e-06
1.728031535094345532e-05
4.789115968690043447e-05
3.256105135413488172e-04
7.974124949516792418e-03
1.020580361859677876e-01
3.887908025274682822e-01
3.904173739252878028e-01
1.025357134745974452e-01
7.608522849020403836e-03
2.076106458591920820e-04
3.949786365929933176e-06
0.000000000000000000e+00
0.000000000000000000e+00
0.000000000000000000e+00
0.000000000000000000e+00
0.000000000000000000e+00
0.000000000000000000e+00
0.000000000000000000e+00
