0.000000000000000000e+00
0.000000000000000000e+00
2.468616478706208235e-07
2.468616478706208023e-06
2.468616478706208023e-06
9.380742619083590658e-06
7.652711083989244788e-06
2.246440995622649123e-05
2.345185654770897614e-04
7.327100570447895971e-03
1.019032539327529158e-01
3.896614835595079707e-01
3.927341704905535913e-01
1.007402887096344180e-01
7.207125809582774073e-03
1.473764037787606235e-04
0.000000000000000000e+00
0.000000000000000000e+00
0.000000000000000000e+00
0.000000000000000000e+00
0.000000000000000000e+00
0.000000000000000000e+00
0.000000000000000000e+00
0.000000000000000000e+00
