0.000000000000000000e+00
0.000000000000000000e+00
0.000000000000000000e+00
0.000000000000000000e+00
9.874465914824832940e-07
2.468616478706208023e-06
8.640157675471727658e-06
3.357318411040443115e-05
2.927779143745562473e-04
7.418439380160025617e-03
1.007289330738323635e-01
3.908044529891489538e-01
3.919508784818601099e-01
1.013762043145491343e-01
7.233293144257060305e-03
1.493512969617255960e-04
0.000000000000000000e+00
0.000000000000000000e+00
0.000000000000000000e+00
0.000000000000000000e+00
0.000000000000000000e+00
0.000000000000000000e+00
0.000000000000000000e+00
0.000000000000000000e+00
