2.468616478706208235e-07
1.728031535094345659e-06
1.974893182964966588e-06
1.481169887223724729e-06
3.702924718059312035e-06
8.146434379730486223e-06
1.530542216797848958e-05
3.406690740614566750e-05
2.685854728832354492e-04
7.753430636320457654e-03
1.010333134856568477e-01
3.907141016260283206e-01
3.907042271601134931e-01
1.020022454535490369e-01
7.279949995704607275e-03
1.752717699881407756e-04
2.221754830835587306e-06
0.000000000000000000e+00
0.000000000000000000e+00
0.000000000000000000e+00
0.000000000000000000e+00
0.000000000000000000e+00
0.000000000000000000e+00
0.000000000000000000e+00
