1.728031535094345659e-06
2.468616478706208023e-06
4.443509661671174611e-06
8.640157675471727658e-06
1.234308239353103927e-05
1.876148523816718132e-05
3.678238553272250133e-05
8.936391652916472858e-05
4.206522479715378180e-04
7.703317721802722083e-03
1.006383348490638568e-01
3.895834752787808442e-01
3.924278151855461472e-01
1.017045303062170669e-01
7.192067249062666229e-03
1.550291148627498683e-04
2.468616478706208235e-07
0.000000000000000000e+00
0.000000000000000000e+00
0.000000000000000000e+00
0.000000000000000000e+00
0.000000000000000000e+00
0.000000000000000000e+00
0.000000000000000000e+00
