0.000000000000000000e+00
9.874465914824832940e-07
1.234308239353104012e-06
1.481169887223724729e-06
3.209201422318070176e-06
6.171541196765519635e-06
1.160249744991917796e-05
3.011712104021573602e-05
2.330373955898660252e-04
7.399924756569729173e-03
1.019121409520762495e-01
3.904541563108205326e-01
3.903638049476998995e-01
1.021698645124531762e-01
7.255757554213286206e-03
1.562634231021029592e-04
2.468616478706208235e-07
0.000000000000000000e+00
0.000000000000000000e+00
0.000000000000000000e+00
0.000000000000000000e+00
0.000000000000000000e+00
0.000000000000000000e+00
0.000000000000000000e+00
