0.000000000000000000e+00
0.000000000000000000e+00
2.468616478706208235e-07
1.481169887223724729e-06
5.677817901024278200e-06
9.133880971212969094e-06
3.061084433595697915e-05
7.948945061433989310e-05
3.641209306091656864e-04
7.931664746083045767e-03
1.021604837698340956e-01
3.882783177464889102e-01
3.907461936402514824e-01
1.027428303971608947e-01
7.490769842986117096e-03
1.589789012286797862e-04
0.000000000000000000e+00
0.000000000000000000e+00
0.000000000000000000e+00
0.000000000000000000e+00
0.000000000000000000e+00
0.000000000000000000e+00
0.000000000000000000e+00
0.000000000000000000e+00
