0.000000000000000000e+00
2.468616478706208235e-07
2.468616478706208023e-06
6.912126140377382635e-06
5.924679548894898917e-06
1.061505085843669509e-05
2.419244149132083880e-05
5.677817901024278369e-05
3.258573751892194625e-04
7.814652324992371613e-03
1.012927650775688609e-01
3.905724030401505620e-01
3.899572238136569946e-01
1.024001864299164677e-01
7.360180031262559402e-03
1.695939520871164762e-04
0.000000000000000000e+00
0.000000000000000000e+00
0.000000000000000000e+00
0.000000000000000000e+00
0.000000000000000000e+00
0.000000000000000000e+00
0.000000000000000000e+00
0.000000000000000000e+00
