0.000000000000000000e+00
0.000000000000000000e+00
0.000000000000000000e+00
0.000000000000000000e+00
0.000000000000000000e+00
1.974893182964966588e-06
1.505856052010786801e-05
4.394137332097050299e-05
3.261042368370900535e-04
7.870443057411132676e-03
1.027482613534140415e-01
3.870094488764339036e-01
3.921473803535651115e-01
1.022525631644898431e-01
7.387581674176198210e-03
1.932926702826960922e-04
3.949786365929933176e-06
0.000000000000000000e+00
0.000000000000000000e+00
0.000000000000000000e+00
0.000000000000000000e+00
0.000000000000000000e+00
0.000000000000000000e+00
0.000000000000000000e+00
