0.000000000000000000e+00
0.000000000000000000e+00
2.468616478706208235e-07
1.481169887223724729e-06
2.221754830835587306e-06
3.456063070188691317e-06
6.665264492506761917e-06
3.085770598382759733e-05
2.387152134908903246e-04
7.350799288643475315e-03
1.003346950221829931e-01
3.921535518947618648e-01
3.911075990927340706e-01
1.014537188719805139e-01
7.177008688542558384e-03
1.365144912724532882e-04
2.468616478706208023e-06
0.000000000000000000e+00
0.000000000000000000e+00
0.000000000000000000e+00
0.000000000000000000e+00
0.000000000000000000e+00
0.000000000000000000e+00
0.000000000000000000e+00
