0.000000000000000000e+00
0.000000000000000000e+00
0.000000000000000000e+00
0.000000000000000000e+00
9.874465914824832940e-07
4.690371309541795329e-06
7.158987788248003352e-06
1.728031535094345532e-05
2.522926041237744327e-04
7.410539807428165836e-03
1.026463074928434804e-01
3.895091699227717918e-01
3.897705964078667651e-01
1.026465543544913539e-01
7.585564715768436210e-03
1.451546489479250328e-04
3.702924718059312035e-06
0.000000000000000000e+00
0.000000000000000000e+00
0.000000000000000000e+00
0.000000000000000000e+00
0.000000000000000000e+00
0.000000000000000000e+00
0.000000000000000000e+00
