0.000000000000000000e+00
0.000000000000000000e+00
0.000000000000000000e+00
7.405849436118623647e-07
2.221754830835587306e-06
4.443509661671174611e-06
8.887019323342349223e-06
2.024265512539090393e-05
2.525394657716450780e-04
7.610744603851238993e-03
1.012310496656012165e-01
3.910058920938113691e-01
3.907656957104332363e-01
1.017785888005782458e-01
7.172565178880887203e-03
1.463889571872781237e-04
0.000000000000000000e+00
0.000000000000000000e+00
0.000000000000000000e+00
0.000000000000000000e+00
0.000000000000000000e+00
0.000000000000000000e+00
0.000000000000000000e+00
0.000000000000000000e+00
