0.000000000000000000e+00
7.405849436118623647e-07
1.481169887223724729e-06
3.949786365929933176e-06
6.418402844636140353e-06
1.407111392862538514e-05
3.776983212420498081e-05
9.183253300787093745e-05
3.833761391430741210e-04
7.680853311846495314e-03
1.011313175598614750e-01
3.899374748818273395e-01
3.909103566360854209e-01
1.020930905399654171e-01
7.545573128813395578e-03
1.614475177073859951e-04
2.468616478706208235e-07
0.000000000000000000e+00
0.000000000000000000e+00
0.000000000000000000e+00
0.000000000000000000e+00
0.000000000000000000e+00
0.000000000000000000e+00
0.000000000000000000e+00
