0.000000000000000000e+00
0.000000000000000000e+00
0.000000000000000000e+00
0.000000000000000000e+00
0.000000000000000000e+00
2.221754830835587306e-06
3.949786365929933176e-06
2.197068666048525149e-05
2.392089367866315609e-04
6.893858378434956219e-03
1.003383979469010534e-01
3.926628274743189650e-01
3.919321169966219487e-01
1.009064265986513442e-01
6.843004878973608929e-03
1.557696998063617228e-04
2.468616478706208235e-07
0.000000000000000000e+00
0.000000000000000000e+00
0.000000000000000000e+00
0.000000000000000000e+00
0.000000000000000000e+00
0.000000000000000000e+00
0.000000000000000000e+00
