0.000000000000000000e+00
0.000000000000000000e+00
0.000000000000000000e+00
0.000000000000000000e+00
2.715478126576828741e-06
1.086191250630731496e-05
1.579914546371973270e-05
2.443930313919146036e-05
2.550080822503512598e-04
7.088138495309134757e-03
1.004724438216947902e-01
3.912927453286370594e-01
3.935557260546670433e-01
1.002453311056538260e-01
6.873615723309565474e-03
1.624349642988684949e-04
7.405849436118623647e-07
0.000000000000000000e+00
0.000000000000000000e+00
0.000000000000000000e+00
0.000000000000000000e+00
0.000000000000000000e+00
0.000000000000000000e+00
0.000000000000000000e+00
