0.000000000000000000e+00
0.000000000000000000e+00
2.468616478706208235e-07
1.728031535094345659e-06
3.456063070188691317e-06
5.677817901024278200e-06
1.530542216797848958e-05
4.270706508161739855e-05
2.740164291363891033e-04
7.649995605862667906e-03
1.008573011307250938e-01
3.905022943321553308e-01
3.912473227854288416e-01
1.020698855450655751e-01
7.183180229739323866e-03
1.463889571872781237e-04
4.937232957412416470e-07
0.000000000000000000e+00
0.000000000000000000e+00
0.000000000000000000e+00
0.000000000000000000e+00
0.000000000000000000e+00
0.000000000000000000e+00
0.000000000000000000e+00
