0.000000000000000000e+00
0.000000000000000000e+00
0.000000000000000000e+00
0.000000000000000000e+00
9.874465914824832940e-07
3.702924718059312035e-06
8.146434379730486223e-06
1.604600711159035088e-05
2.016859663102971915e-04
7.008402183046924354e-03
1.008353304440646053e-01
3.912895361272147321e-01
3.921762631663660015e-01
1.014705054640357151e-01
6.838808230959807742e-03
1.498450202574668324e-04
7.405849436118623647e-07
0.000000000000000000e+00
0.000000000000000000e+00
0.000000000000000000e+00
0.000000000000000000e+00
0.000000000000000000e+00
0.000000000000000000e+00
0.000000000000000000e+00
