0.000000000000000000e+00
0.000000000000000000e+00
0.000000000000000000e+00
1.728031535094345659e-06
1.728031535094345659e-06
1.974893182964966588e-06
2.468616478706208023e-06
1.234308239353103927e-05
2.527863274195157233e-04
7.399431033273987449e-03
1.002566867414558666e-01
3.922177359232082439e-01
3.912036282737557658e-01
1.013068361914974957e-01
7.173799487120240646e-03
1.686065054956340035e-04
2.468616478706208235e-07
0.000000000000000000e+00
0.000000000000000000e+00
0.000000000000000000e+00
0.000000000000000000e+00
0.000000000000000000e+00
0.000000000000000000e+00
0.000000000000000000e+00
