0.000000000000000000e+00
2.468616478706208235e-07
2.468616478706208023e-06
3.209201422318070176e-06
5.430956253153657482e-06
8.393296027601107788e-06
2.123010171687339019e-05
5.529700912301906108e-05
3.389410425263623614e-04
7.814652324992371613e-03
1.023305714452169557e-01
3.885552965153997174e-01
3.903581271297988931e-01
1.028193575080007804e-01
7.510518774815766983e-03
1.752717699881407756e-04
9.874465914824832940e-07
0.000000000000000000e+00
0.000000000000000000e+00
0.000000000000000000e+00
0.000000000000000000e+00
0.000000000000000000e+00
0.000000000000000000e+00
0.000000000000000000e+00
