0.000000000000000000e+00
0.000000000000000000e+00
0.000000000000000000e+00
0.000000000000000000e+00
0.000000000000000000e+00
0.000000000000000000e+00
1.728031535094345659e-06
2.123010171687339019e-05
2.352591504207016159e-04
7.452259425918300768e-03
1.007607782264076796e-01
3.912865737874402505e-01
3.913816155218704518e-01
1.013759574529012608e-01
7.338209344602073490e-03
1.463889571872781237e-04
0.000000000000000000e+00
0.000000000000000000e+00
0.000000000000000000e+00
0.000000000000000000e+00
0.000000000000000000e+00
0.000000000000000000e+00
0.000000000000000000e+00
0.000000000000000000e+00
