0.000000000000000000e+00
0.000000000000000000e+00
0.000000000000000000e+00
0.000000000000000000e+00
0.000000000000000000e+00
0.000000000000000000e+00
2.962339774447449459e-06
4.937232957412416047e-06
1.607069327637741405e-04
7.115293276574903569e-03
1.009064265986513442e-01
3.917682008624358558e-01
3.921737945498872668e-01
1.004981174330733390e-01
7.209100702765739235e-03
1.599663478201622860e-04
4.937232957412416470e-07
0.000000000000000000e+00
0.000000000000000000e+00
0.000000000000000000e+00
0.000000000000000000e+00
0.000000000000000000e+00
0.000000000000000000e+00
0.000000000000000000e+00
