0.000000000000000000e+00
0.000000000000000000e+00
0.000000000000000000e+00
0.000000000000000000e+00
0.000000000000000000e+00
0.000000000000000000e+00
5.677817901024278200e-06
2.888281280086263497e-05
2.416775532653377698e-04
7.481882823662774733e-03
1.006504310698095178e-01
3.907086706697751599e-01
3.927850239900149143e-01
1.010930540044415321e-01
6.869419075295765155e-03
1.352801830331001973e-04
0.000000000000000000e+00
0.000000000000000000e+00
0.000000000000000000e+00
0.000000000000000000e+00
0.000000000000000000e+00
0.000000000000000000e+00
0.000000000000000000e+00
0.000000000000000000e+00
