0.000000000000000000e+00
0.000000000000000000e+00
0.000000000000000000e+00
0.000000000000000000e+00
0.000000000000000000e+00
9.874465914824832940e-07
6.171541196765519635e-06
2.616733467428580454e-05
2.927779143745562473e-04
7.828476577273126014e-03
1.019763249805226146e-01
3.895420025219386018e-01
3.901374328166025141e-01
1.025628682558632071e-01
7.444853576482181844e-03
1.760123549317526301e-04
5.924679548894898917e-06
0.000000000000000000e+00
0.000000000000000000e+00
0.000000000000000000e+00
0.000000000000000000e+00
0.000000000000000000e+00
0.000000000000000000e+00
0.000000000000000000e+00
