0.000000000000000000e+00
0.000000000000000000e+00
0.000000000000000000e+00
0.000000000000000000e+00
0.000000000000000000e+00
0.000000000000000000e+00
0.000000000000000000e+00
6.912126140377382635e-06
2.024265512539090461e-04
7.290811908210914800e-03
1.001423897984917710e-01
3.915692303742521196e-01
3.925816099921695668e-01
1.013389282057206714e-01
6.739816710163689176e-03
1.266400253576284798e-04
1.234308239353104012e-06
0.000000000000000000e+00
0.000000000000000000e+00
0.000000000000000000e+00
0.000000000000000000e+00
0.000000000000000000e+00
0.000000000000000000e+00
0.000000000000000000e+00
